125
125
57 120
101 97
122 36
15 53
80 61
85 107
90 109
44 24
125 108
92 44
56 13
24 107
71 46
32 50
22 74
108 114
48 39
95 15
50 84
2 47
123 32
13 28
97 99
25 17
64 23
59 15
16 18
30 82
2 122
13 39
12 62
93 16
76 99
67 27
25 60
79 107
107 59
107 114
63 49
76 96
108 112
33 99
81 67
106 76
89 109
5 42
125 113
34 57
123 74
94 29
46 66
106 6
92 58
83 100
76 11
91 48
81 122
10 79
31 101
99 33
61 8
84 59
42 36
26 4
94 104
54 11
72 38
101 9
15 62
70 80
101 18
69 33
122 42
6 103
29 10
24 20
22 19
19 37
102 102
79 97
120 118
32 27
57 108
31 74
39 32
100 29
80 60
87 79
105 82
35 123
109 9
29 4
91 63
73 119
18 43
61 68
47 25
99 28
35 97
88 1
18 7
78 51
14 29
47 9
4 115
97 48
90 116
17 112
73 81
121 33
109 6
61 33
5 112
113 103
24 1
87 111
52 110
45 78
5 124
96 13
120 116
123 19
17 74
75 74
14 83
68 31
92 85
11 6
39 41
88 124
71 69
106 67
64 4
73 42
92 20
9 76
74 8
74 101
119 92
56 98
95 1
21 85
39 67
80 46
8 30
67 66
106 95
99 87
82 30
61 119
49 62
3 39
111 41
100 40
76 57
85 111
55 122
36 113
110 84
100 120
95 28
125 80
115 88
31 120
78 16
72 60
71 123
111 14
29 85
83 52
60 11
75 118
115 84
29 9
75 15
109 19
52 36
48 115
91 27
108 3
47 48
103 110
72 18
95 35
57 4
53 36
20 3
30 105
18 48
109 31
39 72
35 20
22 77
9 19
103 35
39 39
79 58
84 90
26 113
21 42
3 38
46 45
62 27
69 104
20 49
86 1
73 79
23 66
72 6
20 54
96 17
69 23
114 57
20 104
28 51
82 86
109 113
19 18
28 97
95 8
116 121
54 7
100 25
31 108
56 93
35 62
52 42
85 55
21 109
124 89
50 38
57 76
116 18
20 86
102 14
10 100
92 15
97 21
19 45
55 123
91 11
40 104
89 23
79 14
43 35
88 119
28 43
9 99
108 21
68 21
121 70
90 73
80 66
5 16
62 105
26 26
124 76
115 104
27 50
111 106
2 24
95 96
88 118
55 90
25 8
23 20
76 28
122 117
103 39
93 34
30 21
49 23
63 31
38 72
29 3
125 22
36 44
78 73
34 88
48 27
122 49
84 107
110 60
48 50
99 46
63 104
21 68
73 95
104 100
76 30
68 14
33 46
116 64
21 121
90 20
63 40
81 76
124 90
78 45
91 15
111 28
3 17
59 59
55 96
102 9
60 55
39 3
37 70
13 67
60 36
91 117
68 125
114 34
43 87
11 43
52 37
14 4
35 15
124 18
73 70
110 42
117 19
53 57
119 101
62 55
70 121
92 47
48 105
3 110
51 5
100 65
115 85
66 113
115 63
99 67
59 51
21 66
24 45
76 49
77 109
17 121
81 23
71 29
83 16
93 86
10 43
38 10
48 10
93 40
125 59
30 84
87 105
18 40
113 4
100 31
90 93
114 9
115 70
19 6
90 95
14 32
103 79
62 33
78 56
44 12
74 70
33 13
69 75
82 118
72 45
57 84
92 105
47 114
74 102
81 13
7 38
21 54
69 114
54 4
17 90
34 94
97 36
62 36
88 24
26 34
17 109
80 81
70 70
112 51
33 112
37 88
103 77
38 35
33 57
25 96
86 4
69 20
22 106
104 80
24 11
31 83
94 105
122 105
107 122
66 100
105 76
7 5
60 86
114 102
10 37
4 124
17 41
103 118
79 11
119 88
58 10
5 10
100 83
79 20
41 21
2 124
60 98
19 113
55 74
88 123
104 10
91 99
68 82
9 95
18 45
88 101
63 44
96 72
114 86
69 110
81 102
93 14
13 66
69 3
4 10
55 36
23 90
104 60
57 5
114 2
12 10
30 78
22 83
121 73
23 42
33 61
36 28
74 73
74 61
40 66
71 67
46 80
7 106
8 64
93 60
93 4
6 56
1 68
8 110
84 97
120 64
69 91
7 90
86 99
68 113
107 120
7 28
71 48
120 100
18 106
101 13
54 115
81 86
79 71
73 71
28 46
118 6
102 15
50 30
18 33
103 65
46 82
60 8
111 67
20 36
103 22
63 28
117 114
1 76
42 91
1 63
75 78
11 102
49 34
112 105
19 109
13 23
88 87
54 48
37 31
6 75
18 92
44 58
79 15
44 99
17 86
39 36
69 51
7 3
43 23
104 119
65 96
51 28
100 38
119 17
98 27
19 106
17 110
104 25
68 40
91 65
14 20
6 32
53 112
31 81
44 66
25 56
63 67
107 5
54 98
37 77
52 124
20 40
39 64
18 87
122 95
109 2
12 102
3 101
41 108
86 109
16 123
91 95
4 74
96 56
25 125
75 85
108 6
80 33
69 19
13 70
120 44
124 14
23 21
94 71
66 54
104 93
83 82
12 98
7 53
58 121
93 111
93 66
45 33
14 53
106 7
74 23
56 5
77 60
46 116
19 51
24 99
77 99
56 100
70 14
102 114
14 97
90 55
44 92
106 121
31 6
34 26
44 97
91 49
52 63
31 60
102 88
66 115
11 14
87 91
73 3
112 17
36 45
36 5
62 49
39 107
108 102
9 31
58 46
14 111
73 67
16 50
36 20
86 77
69 4
42 15
106 53
30 119
93 28
12 122
84 42
75 10
118 114
28 76
115 96
57 119
2 43
74 40
30 22
111 51
69 97
29 122
101 100
63 75
56 44
33 105
28 78
15 44
49 110
111 59
24 104
80 92
58 93
82 80
116 1
1 21
46 112
63 80
35 22
125 116
37 91
98 75
123 37
30 45
84 106
20 20
91 123
47 19
120 19
101 44
34 100
113 36
110 74
57 61
9 8
12 48
70 64
24 105
4 91
54 43
2 93
84 52
113 71
92 33
4 20
5 46
24 115
28 99
78 85
4 82
98 58
3 2
101 93
30 100
47 45
91 7
9 120
100 85
54 31
31 102
34 31
2 35
97 117
29 65
112 5
51 48
86 52
122 76
94 75
111 46
31 33
43 24
107 41
43 59
99 66
72 34
46 37
13 53
115 114
69 73
27 20
108 23
66 37
17 12
37 113
33 91
25 87
27 21
82 90
105 104
45 13
49 3
61 96
20 55
50 100
86 107
77 52
63 92
40 29
49 54
14 123
11 92
4 57
109 52
67 116
1 46
119 50
70 105
85 53
34 111
2 17
98 100
69 103
25 49
90 117
6 61
48 54
67 46
54 116
105 58
6 121
112 40
71 72
46 100
7 93
28 60
35 39
57 110
91 36
21 122
56 48
114 65
113 13
107 53
110 65
24 2
81 56
102 41
78 37
36 100
5 40
90 31
29 60
16 117
58 82
87 7
26 27
120 124
66 92
10 51
78 104
86 19
103 43
101 30
67 50
99 44
7 108
89 90
97 39
85 106
26 42
23 75
39 121
58 79
23 39
51 52
42 41
50 10
5 3
62 88
55 105
110 56
44 38
22 23
68 73
38 31
78 47
89 105
65 9
8 22
7 31
80 36
84 94
60 124
46 46
7 112
40 24
104 72
76 103
19 21
110 99
37 54
1 92
25 41
17 124
79 93
66 60
94 79
52 48
70 75
61 12
96 31
116 122
57 122
9 107
65 102
91 46
26 68
81 96
84 75
121 15
113 1
52 52
53 64
14 27
4 3
71 102
66 2
103 42
55 99
27 117
43 102
73 25
124 122
64 38
26 101
42 34
57 66
50 97
102 46
120 17
20 42
49 5
62 61
46 107
2 51
73 44
84 20
80 103
67 106
31 92
1 101
125 30
54 73
4 105
39 90
65 97
8 63
47 4
5 76
79 17
123 22
101 107
87 88
36 6
125 10
31 94
59 9
91 74
27 96
72 111
12 82
113 94
106 118
112 75
82 5
102 66
83 26
40 119
94 60
46 49
14 84
73 14
124 12
31 39
39 74
77 41
92 73
41 38
60 116
30 9
96 96
54 71
25 5
6 89
53 55
85 8
98 53
67 87
22 117
105 40
84 6
81 47
51 35
117 15
22 76
77 23
52 98
86 55
95 40
28 68
2 9
1 2
54 107
16 14
36 90
60 54
57 115
83 104
99 85
95 22
95 71
48 6
125 63
116 77
101 4
91 21
81 89
123 40
53 3
84 69
118 119
24 61
116 24
11 122
112 112
103 17
19 46
74 119
69 6
92 108
28 77
22 107
92 99
36 67
103 62
92 67
73 74
123 43
79 89
17 70
115 21
46 21
77 85
94 87
63 79
67 20
38 28
8 19
72 16
96 85
74 25
125 17
112 94
110 8
115 8
43 112
59 85
63 51
90 105
49 33
57 67
13 76
4 41
52 87
66 38
124 112
7 62
62 73
46 115
47 88
32 40
59 26
111 93
5 53
73 21
122 114
19 38
60 83
15 11
49 11
39 70
87 41
106 48
30 55
79 12
89 11
98 15
123 8
41 50
118 46
44 113
66 15
35 87
40 20
100 62
102 39
54 105
51 114
95 3
32 18
49 39
38 124
2 19
122 122
34 64
64 117
28 121
37 69
2 41
70 5
31 82
86 9
71 85
91 69
28 120
36 58
64 36
120 71
27 100
9 60
60 1
106 33
89 116
28 36
22 123
75 93
120 105
10 113
4 35
69 48
12 6
5 103
119 87
81 3
114 110
93 96
77 21
71 31
78 71
10 123
99 75
13 74
3 9
22 42
78 121
25 7
89 76
32 6
107 28
112 115
51 13
97 16
120 7
81 95
18 54
105 8
31 80
108 116
11 25
44 44
95 48
33 9
49 55
56 84
11 41
5 89
87 54
30 97
17 57
60 89
112 49
21 92
8 51
80 102
109 115
85 114
87 22
119 51
83 110
13 81
34 11
10 62
123 106
98 103
41 60
38 105
22 121
85 12
37 35
17 9
88 21
114 44
60 48
41 46
125 15
103 18
108 81
59 104
47 115
82 34
115 64
33 16
70 60
112 50
124 66
30 113
56 118
52 1
28 87
97 64
64 63
86 115
92 46
19 119
105 56
117 7
93 13
76 42
109 36
39 100
116 35
119 15
55 41
84 100
75 109
117 13
115 11
43 1
86 70
41 45
13 19
14 124
123 1
122 87
37 103
3 116
7 17
29 74
75 33
66 114
31 59
72 36
28 118
86 24
99 30
76 45
110 11
37 58
66 55
57 16
114 8
47 47
78 4
3 94
58 83
75 11
115 100
18 73
27 14
40 60
61 116
68 124
65 103
74 116
94 25
27 82
2 100
77 95
44 39
64 6
100 80
98 92
39 119
91 22
105 1
70 102
115 61
31 43
2 34
61 16
75 88
73 105
9 106
28 123
79 23
109 99
24 28
77 56
60 7
101 64
27 119
22 91
95 74
3 21
112 25
107 36
94 123
62 101
36 63
15 107
85 75
59 96
9 104
88 29
12 116
80 41
122 55
111 54
59 124
110 122
83 90
14 104
7 56
123 26
1 125
102 56
119 39
125 119
6 63
86 50
111 57
2 73
83 86
47 67
83 9
58 58
57 64
69 17
125 51
92 43
79 32
110 97
12 30
39 62
39 109
101 70
14 67
94 19
56 87
9 92
45 113
6 11
26 80
46 36
2 116
48 118
2 18
64 54
70 18
52 21
120 21
83 74
81 58
54 26
53 103
3 107
69 124
57 35
99 27
92 101
23 24
19 75
117 66
87 100
77 20
77 101
20 7
118 14
23 63
120 53
12 15
38 58
13 71
125 75
64 1
105 27
112 124
30 41
47 50
53 26
116 61
63 95
119 83
101 88
115 54
88 41
103 48
18 91
86 111
72 82
99 50
16 58
4 51
54 34
93 44
73 2
99 8
50 12
60 112
30 11
71 9
43 106
97 115
11 93
102 78
107 31
73 58
104 97
51 72
44 77
68 96
60 49
77 80
80 20
84 113
46 11
60 108
88 37
88 110
40 80
38 23
7 125
11 123
70 31
98 11
107 47
94 22
8 1
68 6
74 123
89 72
19 44
60 64
26 67
83 63
115 4
61 73
25 43
81 90
64 33
50 45
95 116
20 122
82 119
1 64
106 122
96 74
46 90
9 87
96 51
19 48
7 59
114 82
109 49
106 92
110 75
53 41
56 120
49 77
88 59
32 124
23 122
24 68
101 124
108 96
16 108
26 14
23 72
19 115
13 118
40 17
41 78
78 65
81 103
74 18
104 4
71 51
86 36
47 78
115 31
109 48
68 95
1 119
94 52
67 105
43 119
18 69
59 93
3 69
2 75
43 27
97 93
21 86
65 83
65 122
54 120
78 80
60 46
58 67
105 119
80 39
1 117
39 60
124 111
95 43
110 112
23 97
72 54
53 79
103 99
29 118
78 92
95 105
98 106
96 61
106 89
25 117
124 124
88 66
7 89
117 97
11 11
61 82
108 10
66 58
100 122
47 63
102 120
100 68
11 77
65 72
18 104
89 77
20 88
70 110
102 89
14 3
97 13
69 84
86 97
37 100
1 66
85 2
1 33
94 44
78 98
77 71
63 12
49 15
31 69
124 50
78 49
42 8
116 106
99 41
105 25
88 75
26 94
56 21
109 111
99 100
101 51
92 97
100 96
65 46
47 94
60 78
57 88
68 103
32 57
20 99
93 103
73 87
53 101
44 30
125 118
14 116
105 110
103 66
69 68
38 49
44 84
125 57
40 117
43 121
110 113
10 50
9 25
15 34
7 36
119 68
39 18
46 124
61 20
41 86
5 98
108 54
85 83
57 113
111 114
87 97
99 19
98 13
109 7
35 13
8 66
25 94
46 30
77 93
63 108
102 121
96 66
35 103
50 79
99 88
73 28
70 94
105 117
105 11
84 120
111 98
41 76
76 53
97 41
71 5
73 41
102 85
45 71
53 95
120 117
90 69
40 7
93 122
124 64
88 18
38 9
31 112
83 113
9 55
78 70
52 29
120 34
81 57
9 51
93 112
1 90
82 85
11 46
44 49
99 98
57 124
79 22
95 66
66 89
108 58
31 76
59 24
78 11
68 39
45 49
23 55
100 63
12 75
3 97
67 24
56 105
66 49
102 90
108 60
118 40
23 109
48 64
48 31
40 32
71 66
45 77
123 34
53 117
2 57
15 12
3 71
125 58
124 115
120 99
8 31
67 53
6 48
74 114
108 64
46 47
122 5
2 114
80 28
18 66
17 120
76 101
69 63
63 78
13 12
62 60
49 94
102 118
4 106
74 35
108 99
17 62
79 102
25 30
76 4
5 110
70 56
73 92
125 13
100 91
86 44
11 107
69 41
21 18
77 33
42 17
85 78
120 3
10 40
75 91
95 79
49 78
62 96
69 111
44 64
40 73
78 6
27 116
104 114
78 62
104 82
39 6
64 97
12 92
80 93
46 109
32 44
108 34
54 110
58 32
119 58
24 63
116 78
125 89
55 114
118 97
58 110
86 79
22 93
85 86
59 5
60 115
93 94
124 91
25 37
35 37
80 115
117 95
109 39
9 56
54 21
104 87
17 46
28 38
36 82
88 44
79 44
81 5
16 15
31 88
81 26
14 39
78 79
8 39
104 121
122 59
110 35
73 63
9 5
10 65
120 61
124 95
17 103
97 111
19 36
111 15
9 70
78 118
17 7
23 59
69 74
30 51
62 112
117 57
66 56
83 88
47 90
104 7
85 125
32 4
40 57
38 12
72 114
72 123
72 80
32 7
122 35
50 69
104 122
45 66
52 23
3 10
71 109
4 81
88 26
102 94
79 8
41 70
82 70
113 21
30 26
97 95
16 97
29 39
85 17
10 32
101 6
4 73
28 89
117 71
121 103
104 70
76 6
97 11
55 125
40 2
116 20
99 72
119 104
10 99
67 70
77 39
43 66
81 46
92 89
80 13
120 111
118 123
32 105
58 98
52 39
17 4
33 115
26 117
65 6
3 16
15 61
7 65
44 15
6 42
114 119
7 77
98 28
61 124
26 109
14 88
72 115
100 109
35 21
96 48
35 90
101 11
74 111
77 86
108 16
35 114
125 45
25 40
103 103
66 34
2 39
14 46
71 43
59 39
100 100
48 53
18 2
29 30
84 92
119 28
106 3
19 116
80 98
61 9
85 61
44 53
48 47
96 20
114 103
43 92
108 98
108 65
71 25
122 70
86 18
91 70
2 119
3 61
121 93
70 101
116 30
76 66
51 80
75 122
4 117
54 3
92 65
6 78
14 11
39 98
11 64
8 48
90 44
94 73
18 107
19 100
67 13
24 27
75 89
69 66
64 66
64 120
71 53
121 8
33 110
47 54
117 32
104 81
125 69
108 32
125 50
100 44
50 102
89 87
120 69
90 34
19 19
57 1
6 92
5 118
18 12
46 13
48 9
30 58
77 68
27 97
84 95
68 19
97 92
119 63
12 42
34 69
57 121
44 105
103 107
113 47
60 42
44 62
87 117
47 121
96 2
16 125
80 84
122 64
124 67
19 22
109 85
78 36
29 90
96 115
81 69
112 84
32 96
101 91
57 96
98 49
17 43
6 39
77 5
107 62
88 40
116 46
8 72
6 110
107 38
11 56
21 113
114 7
27 11
91 8
38 120
79 43
99 79
112 19
75 67
62 56
87 57
75 52
14 42
124 62
116 3
105 26
95 26
100 7
102 48
20 102
88 96
53 102
53 87
91 50
110 102
48 15
63 74
69 32
107 109
119 115
107 14
65 81
94 10
4 66
125 93
85 56
92 53
111 4
30 56
85 88
2 3
73 118
94 77
91 111
101 83
57 103
118 125
95 108
123 115
105 29
64 118
98 60
46 27
77 6
12 41
25 67
92 77
91 87
12 65
33 54
2 86
64 25
53 43
78 68
56 85
83 6
12 27
82 37
35 82
64 8
85 76
48 102
30 54
62 23
39 125
48 60
11 30
79 24
8 73
98 9
58 80
2 1
82 54
50 16
51 8
16 89
20 62
53 38
84 27
80 94
84 86
98 1
77 113
33 107
33 82
118 7
65 78
52 44
22 32
65 52
116 7
20 119
79 1
62 80
91 19
70 85
111 73
43 116
110 4
108 20
17 116
111 111
97 89
118 48
86 85
70 50
76 55
75 79
58 7
27 28
17 45
93 79
94 55
98 110
82 10
45 15
104 62
3 67
55 6
86 114
48 93
117 17
3 103
63 57
88 56
53 91
125 9
76 62
30 85
118 105
59 109
108 55
93 117
77 34
40 25
22 28
69 79
72 51
93 118
33 40
31 55
86 29
31 3
67 74
32 113
108 26
86 101
67 112
109 20
86 75
22 80
62 98
103 68
78 94
73 117
100 34
85 70
48 74
16 55
112 111
124 81
96 32
88 108
11 83
25 51
13 52
45 44
75 92
107 22
53 97
13 77
111 22
5 94
86 11
31 21
81 60
119 29
27 43
35 35
15 22
99 113
79 120
58 55
75 42
22 46
107 21
124 39
58 87
4 103
41 90
42 85
38 66
110 13
20 108
4 55
25 13
3 99
106 38
8 62
15 97
98 54
70 13
125 125
40 59
119 109
90 33
100 9
22 22
102 24
45 94
63 34
28 74
82 17
51 58
120 85
10 105
47 41
67 35
5 87
123 2
13 78
90 42
81 104
68 7
22 58
119 42
14 70
93 31
81 111
41 64
114 111
1 98
85 51
121 43
45 119
105 91
109 41
114 125
88 51
107 13
98 74
53 80
46 114
63 21
75 35
51 112
53 15
53 69
107 42
38 18
109 120
63 58
25 55
29 78
108 50
119 8
23 61
39 122
51 50
97 5
78 40
5 64
36 72
84 109
116 85
71 52
73 93
100 13
33 101
72 73
84 55
68 123
104 3
58 105
98 76
82 116
72 104
43 124
114 4
6 123
86 73
40 109
33 73
108 91
120 42
65 50
7 78
62 54
85 124
120 98
31 98
42 97
4 52
43 26
81 49
125 18
97 49
27 62
5 90
58 124
63 109
98 72
51 42
113 57
94 100
53 74
116 63
70 65
49 24
115 38
72 75
111 77
65 5
13 72
56 88
93 109
49 50
113 53
112 74
115 69
64 43
73 56
26 116
41 7
54 53
79 61
31 11
88 42
112 37
58 122
46 18
6 62
56 111
23 103
125 84
47 24
100 88
116 92
110 87
49 75
59 33
123 110
32 29
98 87
105 71
60 93
122 45
44 107
87 69
88 104
121 89
17 24
25 31
111 84
74 80
4 93
22 30
123 95
64 50
90 29
21 110
87 81
9 1
18 53
30 59
76 105
91 56
84 81
18 19
92 27
118 92
19 87
13 122
111 102
62 62
11 96
34 4
80 91
99 52
28 67
76 21
113 84
4 54
47 23
98 7
124 63
119 69
93 71
71 50
84 1
16 102
13 116
69 31
51 78
114 109
74 103
32 87
43 39
3 83
92 61
61 32
101 50
95 4
59 49
51 41
38 90
120 6
63 99
118 27
38 37
103 69
64 94
100 117
108 92
79 56
33 32
32 60
117 67
72 112
7 85
96 24
63 83
47 30
70 71
60 31
81 12
106 102
71 18
1 14
70 93
15 63
42 78
5 59
44 43
62 117
53 44
120 11
34 53
108 87
34 92
115 68
50 108
3 24
123 99
83 5
29 123
83 47
32 118
1 110
18 108
120 13
77 13
19 9
100 95
119 6
65 36
13 45
71 16
98 36
5 104
63 102
5 17
80 110
40 110
3 117
59 57
57 74
22 45
101 7
103 50
69 113
103 85
53 118
64 26
55 67
29 114
12 107
47 79
55 120
67 3
73 86
36 121
41 109
96 118
41 122
63 29
55 33
1 115
123 91
114 105
4 113
57 75
65 58
46 28
124 80
104 41
48 110
27 90
85 1
27 60
46 40
118 95
40 16
43 123
30 48
47 98
22 10
13 29
9 81
42 119
26 75
70 72
85 98
13 121
61 64
34 118
121 5
113 52
99 120
62 104
61 101
71 112
70 97
18 109
25 116
99 68
66 116
11 76
124 19
8 106
54 93
55 62
16 54
52 76
80 50
90 37
14 1
75 83
73 50
122 97
17 15
24 16
20 52
34 68
81 32
102 60
52 107
101 68
124 6
115 83
46 95
8 49
96 110
43 103
26 95
12 55
7 34
56 16
61 81
110 78
91 31
20 43
51 17
56 102
98 99
49 68
70 41
43 125
73 22
89 51
22 5
3 19
89 49
82 26
18 74
7 29
57 106
72 3
23 69
50 7
39 91
16 57
23 96
49 124
24 39
42 1
80 88
44 57
36 71
40 78
16 29
82 43
108 77
67 37
52 84
40 8
111 49
106 107
83 114
39 96
122 8
7 55
96 26
98 64
79 67
8 13
74 59
109 123
16 2
17 68
48 43
4 65
84 111
15 120
40 122
80 38
9 47
62 95
42 6
108 74
17 55
96 15
78 110
75 99
80 62
27 52
56 103
55 118
95 64
120 25
65 20
105 63
97 58
100 51
13 40
21 59
69 7
107 66
47 34
56 29
17 85
93 95
111 13
40 47
41 107
42 75
57 53
63 53
53 1
52 60
20 93
5 91
121 2
21 47
5 61
57 102
33 104
90 89
52 65
76 36
18 57
103 15
17 25
46 19
63 112
74 39
121 16
88 63
2 45
20 29
51 94
35 84
100 56
87 47
96 58
34 23
116 23
7 66
115 39
62 70
64 77
57 78
112 120
43 54
102 96
77 19
98 34
41 30
21 50
91 34
92 12
113 34
58 103
99 9
75 30
42 27
63 93
7 47
22 27
113 109
72 107
29 56
78 5
75 61
43 40
32 117
104 75
109 124
50 98
37 34
97 18
79 80
109 45
32 25
96 79
107 89
67 65
10 125
81 66
101 99
123 51
27 64
73 82
44 86
115 44
70 1
35 43
117 62
21 81
112 24
8 91
9 71
77 117
26 77
79 3
88 73
61 110
125 112
1 41
79 104
41 56
65 108
56 37
83 28
40 58
59 103
16 87
113 95
76 70
61 36
54 124
111 5
27 5
107 95
20 35
6 55
93 2
33 4
78 87
102 25
3 63
4 94
15 116
112 70
106 116
47 62
2 97
10 39
58 33
48 48
113 59
89 98
18 81
111 2
71 100
95 91
105 70
93 80
65 74
122 25
4 40
122 71
33 42
16 22
80 2
96 95
60 22
32 98
34 60
35 80
83 72
42 13
28 8
10 82
8 95
101 43
82 125
112 39
8 60
5 92
92 124
68 1
88 74
54 54
6 88
13 35
110 83
110 24
27 115
59 77
78 90
84 91
101 57
34 58
124 38
10 77
120 101
49 29
16 31
56 25
1 67
35 30
23 85
16 84
99 23
40 96
42 46
96 88
95 73
87 39
85 118
95 55
8 82
88 93
123 83
115 3
92 52
74 86
41 9
94 47
39 21
91 100
51 54
20 13
87 11
113 115
42 100
57 58
116 11
59 87
44 76
74 16
97 108
92 96
58 100
29 58
24 119
65 56
101 35
87 9
59 56
105 46
107 82
95 24
79 100
110 22
49 41
75 65
74 92
108 103
115 29
57 32
109 88
41 125
125 29
37 10
2 32
120 14
8 4
15 31
20 12
1 72
26 6
72 19
49 93
74 83
106 44
71 36
38 123
1 45
114 33
69 108
60 75
125 123
106 64
44 73
60 105
45 96
116 38
21 49
39 23
3 18
67 56
123 116
61 57
50 13
83 121
84 98
12 54
74 79
117 81
80 125
41 80
107 115
74 29
81 121
22 35
89 85
121 51
58 22
14 57
40 106
37 73
6 59
107 40
59 113
80 35
105 86
28 17
71 97
53 51
88 54
119 95
14 2
18 101
39 42
81 7
81 125
72 21
81 82
124 55
47 118
31 14
119 100
103 75
65 90
33 72
85 46
18 78
80 106
42 55
2 30
43 36
115 102
48 96
14 8
66 70
57 89
92 82
114 31
41 59
1 75
29 40
28 1
2 96
9 21
50 116
113 107
80 108
117 48
5 102
18 35
19 123
73 40
122 84
33 79
16 5
18 116
34 28
35 19
72 93
21 21
106 39
4 62
46 85
31 47
90 91
17 19
53 22
107 46
15 83
29 25
78 22
48 79
10 69
36 103
23 50
95 29
9 18
23 6
84 46
22 81
88 45
84 78
68 98
63 36
46 59
19 7
100 124
83 53
36 122
108 42
116 90
96 65
4 120
31 107
105 20
122 98
33 86
125 40
56 12
91 76
110 88
73 110
8 58
41 2
51 73
109 43
13 85
55 8
40 64
38 25
62 12
106 63
68 47
39 27
31 109
21 15
93 64
41 33
115 32
22 71
95 20
121 113
71 14
106 93
36 115
110 43
18 115
13 13
28 63
4 109
13 16
121 44
31 58
84 79
55 22
117 14
99 64
15 1
94 40
27 56
6 43
122 119
124 47
2 109
95 46
122 7
20 78
78 57
6 64
102 116
36 26
15 17
50 6
86 67
114 121
90 56
120 92
59 34
4 118
42 123
22 70
49 104
28 15
88 71
30 117
80 83
72 108
58 40
58 17
95 38
40 23
11 1
116 54
117 22
22 125
36 49
63 87
71 117
96 22
82 42
51 99
50 94
46 1
43 7
98 69
125 7
95 56
23 57
74 27
18 14
92 54
104 115
116 6
48 4
73 11
5 58
1 5
112 2
94 62
23 84
101 25
63 10
72 92
62 13
101 67
109 22
5 7
97 102
1 100
105 7
81 77
23 77
45 9
115 116
90 124
92 13
45 16
87 86
35 7
95 5
123 61
41 6
3 104
62 11
80 77
86 57
39 40
95 10
59 32
64 28
10 64
124 16
109 72
24 62
47 87
100 78
76 102
99 35
74 58
26 10
84 84
6 13
125 34
82 55
47 66
36 9
16 27
14 89
73 109
77 94
108 45
42 45
96 73
8 10
82 73
2 27
4 119
92 14
94 46
8 78
20 53
36 56
103 59
43 5
77 47
81 68
38 67
30 63
45 109
19 17
2 26
12 111
118 91
96 109
73 103
6 109
85 60
93 29
102 52
59 108
97 26
1 9
85 87
12 87
16 103
65 18
71 91
109 96
107 45
18 86
47 57
85 69
11 74
106 1
29 96
100 19
50 85
98 21
53 65
118 77
53 84
70 11
99 37
17 65
52 95
35 3
2 110
20 89
5 100
112 44
121 110
53 31
49 32
87 40
112 42
5 101
36 55
45 42
8 107
12 28
116 82
5 85
101 78
22 3
58 77
110 62
110 119
72 105
1 104
115 24
74 64
81 20
65 24
119 47
25 75
72 86
78 97
118 103
124 93
90 3
49 81
21 45
56 22
77 123
90 24
83 96
91 72
83 37
81 10
19 42
77 17
120 56
112 97
99 104
45 32
38 85
107 63
15 37
112 57
28 19
40 105
10 36
41 120
59 114
56 27
1 59
77 8
43 18
115 56
113 85
113 18
113 76
45 100
109 68
52 34
10 109
44 55
38 62
24 85
51 106
50 95
70 52
26 97
50 107
119 91
63 70
101 119
18 72
33 56
96 108
89 1
69 67
54 52
61 90
37 78
100 99
48 38
87 20
125 6
106 28
122 14
101 8
23 25
102 18
114 70
125 114
123 36
102 108
122 13
109 94
42 122
122 80
49 61
16 68
124 61
54 106
76 111
48 72
8 122
109 32
38 117
19 5
121 65
30 121
22 29
77 61
125 28
89 97
55 75
89 108
30 44
19 1
111 29
121 21
114 78
66 82
115 78
87 58
45 18
120 110
92 83
9 37
26 89
68 41
56 46
123 23
102 58
87 80
42 95
68 45
44 70
52 3
98 114
110 76
57 83
71 87
17 22
119 25
63 116
53 67
13 86
60 41
102 79
48 78
37 80
124 51
49 82
9 49
7 9
44 4
4 116
43 6
22 21
43 75
59 50
23 81
88 109
21 106
102 113
49 90
50 105
16 44
84 70
111 71
8 117
93 104
110 69
55 86
41 81
7 103
120 20
85 23
89 29
74 63
43 91
117 69
7 105
17 6
35 25
47 102
71 20
68 68
86 86
87 1
55 60
5 33
79 76
14 64
96 4
36 37
110 32
124 53
99 84
91 10
113 51
58 70
12 59
1 105
25 18
36 17
1 23
42 39
22 97
23 123
58 29
4 14
95 125
101 77
64 55
56 51
60 92
96 25
40 81
56 82
49 70
114 99
56 42
32 45
46 10
32 77
61 37
87 14
90 26
83 62
119 35
36 70
18 100
79 57
30 76
42 28
122 85
18 111
45 97
29 76
41 48
7 60
49 59
103 24
25 120
10 13
11 110
121 1
82 114
37 116
57 118
55 50
14 10
20 118
23 91
16 52
51 107
3 49
28 35
53 85
30 64
8 57
37 9
38 84
4 108
98 42
87 25
4 32
16 93
53 114
83 29
72 4
125 19
21 40
79 90
63 8
62 81
121 36
64 111
43 110
96 97
31 18
122 29
88 70
48 57
86 37
77 32
114 61
124 58
3 106
124 59
98 61
48 35
8 71
113 39
116 47
27 107
52 4
17 31
99 53
32 103
59 41
85 82
120 66
18 83
108 88
94 80
53 99
85 31
69 29
119 105
38 8
125 87
76 85
37 72
25 26
76 107
105 102
32 81
48 98
20 23
80 64
26 9
25 92
74 22
23 51
55 26
94 13
1 83
61 13
5 39
97 79
33 28
123 44
105 47
114 52
81 72
24 41
33 74
103 64
78 59
46 97
55 57
114 13
77 77
13 36
81 27
38 69
7 57
6 30
68 9
37 120
10 68
17 82
117 109
64 12
63 66
101 80
71 90
84 29
52 97
124 32
22 120
75 56
4 84
72 23
75 7
50 121
66 67
9 6
9 63
119 33
116 43
63 105
69 77
50 91
89 65
25 89
79 74
46 91
68 33
123 78
83 94
68 114
68 101
28 54
66 62
79 52
13 94
97 87
97 8
83 101
84 103
79 101
39 99
3 4
26 60
75 18
30 37
7 48
7 81
21 38
16 111
28 52
67 121
19 31
8 52
71 24
20 100
118 104
15 18
24 51
29 34
79 21
42 47
90 74
94 122
38 20
47 89
11 47
50 99
34 104
55 83
53 115
46 89
87 19
21 77
21 51
18 25
68 121
96 99
18 65
22 56
108 4
118 15
4 95
40 61
76 108
77 44
35 96
125 24
94 1
7 91
121 112
19 114
64 13
84 57
91 80
91 77
36 12
89 25
9 124
31 118
73 112
99 39
54 32
91 30
95 107
104 23
66 107
39 8
86 84
35 31
45 10
39 102
31 103
95 42
22 108
26 11
68 120
102 112
81 52
124 92
104 109
51 15
51 70
114 12
22 57
55 77
125 44
29 106
48 92
124 72
110 9
32 37
73 85
124 96
63 47
107 25
15 101
124 9
104 102
72 13
64 22
67 15
122 30
76 114
122 120
112 82
120 30
48 18
45 24
18 42
36 84
111 113
100 16
64 18
67 14
20 64
9 119
116 41
107 93
100 97
102 65
32 47
70 67
123 58
105 64
39 104
40 19
52 50
60 114
84 37
113 11
106 115
124 106
55 113
57 48
87 43
121 96
102 44
96 55
82 123
123 5
82 35
80 105
79 47
85 36
124 84
53 49
113 38
94 3
87 93
47 29
94 5
35 27
16 65
6 20
73 94
118 9
47 56
15 32
60 2
98 57
6 81
21 63
26 35
75 38
35 89
112 27
88 106
27 108
75 112
119 112
77 36
35 121
95 120
94 61
22 104
11 112
87 61
112 56
87 125
84 74
30 32
73 19
65 26
59 54
119 46
16 75
68 100
25 9
8 94
59 3
77 14
124 94
9 15
90 25
2 20
9 113
74 69
32 36
95 85
41 44
82 3
86 51
121 47
68 88
93 36
56 112
13 62
83 105
40 45
109 106
110 50
103 6
117 26
56 58
57 52
41 98
29 11
42 93
45 116
41 112
38 98
97 40
56 20
28 91
52 24
63 22
125 103
94 96
91 59
60 81
115 13
29 23
53 24
41 52
81 41
2 87
3 123
43 78
21 111
43 17
70 83
19 11
56 32
48 63
75 19
84 33
115 97
119 84
113 24
4 123
107 29
111 36
47 99
87 46
8 27
56 1
101 1
73 88
21 76
62 45
71 4
42 63
2 21
11 38
24 71
18 38
58 101
62 86
33 108
6 14
54 24
87 21
121 14
32 43
27 8
43 58
33 95
63 120
85 52
11 75
82 51
4 107
32 92
51 60
65 19
104 67
101 49
96 105
76 90
63 20
67 11
41 85
95 12
69 85
114 90
117 99
64 40
105 120
81 18
35 78
101 41
96 64
76 32
114 51
42 64
76 72
83 1
28 113
66 65
8 75
80 54
100 70
63 59
101 123
38 33
24 65
27 101
125 56
121 122
94 38
107 83
119 59
43 120
1 20
101 45
35 73
70 57
121 97
36 96
61 77
119 12
57 73
95 67
95 27
29 7
123 102
58 90
88 91
104 71
10 52
42 70
