125
125
121 2
27 33
28 62
2 35
113 62
74 63
49 98
10 84
26 65
59 56
78 117
12 74
106 88
99 18
125 9
5 46
121 84
120 87
75 31
113 106
74 105
114 61
37 55
19 66
89 80
41 100
26 99
121 49
95 10
103 66
23 78
105 122
50 61
5 33
80 63
110 116
45 117
40 25
27 97
82 117
122 20
52 38
103 52
24 82
98 37
47 7
61 73
113 12
73 64
109 98
8 82
77 115
99 68
34 100
97 83
24 110
13 1
44 63
3 91
85 109
93 34
97 95
33 105
63 43
3 23
58 40
48 42
77 5
122 71
99 64
29 42
35 125
57 93
118 9
21 69
52 86
118 68
98 66
5 60
67 111
88 65
112 50
49 60
27 6
88 3
8 7
71 121
103 64
113 112
90 23
14 68
20 111
21 104
56 50
108 74
73 89
43 11
39 74
125 59
105 23
83 49
24 41
72 103
64 69
65 56
83 39
117 10
87 8
8 110
3 125
60 48
37 84
112 114
21 81
14 97
16 33
125 32
106 93
66 76
13 111
18 63
77 90
93 92
91 88
93 40
37 106
72 62
99 51
7 53
33 109
14 40
6 90
48 55
57 74
25 11
86 13
80 33
30 109
56 120
21 60
22 87
22 7
125 25
61 125
123 70
72 10
75 110
44 98
1 8
81 84
87 50
37 95
112 42
123 4
109 63
13 75
37 51
86 72
3 79
97 39
96 44
20 38
23 84
47 95
106 73
52 56
53 65
69 3
81 21
22 60
53 56
69 107
97 23
14 80
20 45
91 107
75 73
87 66
55 111
69 106
102 15
35 119
118 124
2 101
48 90
46 104
45 58
85 72
14 110
2 26
63 67
111 48
34 97
3 103
36 10
12 58
4 64
17 118
65 65
36 89
98 60
45 87
8 34
123 48
102 9
6 59
36 59
99 12
17 58
59 75
91 122
65 31
76 10
91 115
73 41
58 91
67 41
4 95
41 35
7 25
34 5
32 3
32 125
113 3
123 99
109 10
48 54
38 14
114 74
46 51
64 93
102 8
61 36
88 33
110 113
57 64
93 80
84 98
5 115
124 13
2 32
61 11
3 57
7 26
37 122
29 82
27 125
69 41
14 87
5 116
5 5
114 90
81 115
118 59
60 33
26 37
124 27
39 84
118 39
96 104
39 71
59 95
39 125
2 123
11 30
62 28
71 12
122 101
74 60
42 111
32 49
39 88
113 115
57 40
15 25
34 14
78 48
52 77
62 51
9 48
74 44
41 38
36 21
71 64
109 93
69 122
125 54
99 86
68 83
119 44
2 104
78 41
41 92
122 45
12 83
84 97
28 99
82 61
36 90
78 42
47 8
40 47
70 78
45 51
90 56
87 119
56 110
70 114
3 25
37 73
24 60
1 108
33 111
20 106
118 94
56 34
29 6
31 68
40 16
17 7
77 40
60 53
100 86
55 92
8 109
33 45
48 89
14 62
7 45
55 24
18 124
116 53
67 55
90 72
73 63
9 97
123 108
84 101
18 12
116 55
33 11
8 87
109 104
78 21
105 30
88 52
35 91
109 29
98 48
52 82
46 46
11 85
103 16
91 120
114 41
116 92
44 104
56 59
76 40
117 86
8 17
26 12
88 76
54 51
123 119
51 55
99 78
97 73
48 124
79 80
80 82
49 51
60 2
103 73
16 56
95 103
14 59
30 30
42 72
2 45
56 5
10 102
39 10
76 108
10 24
83 54
88 31
33 59
92 116
5 123
90 123
26 51
71 7
65 54
117 33
14 55
103 1
94 25
85 102
3 10
74 125
92 105
82 92
105 113
23 70
41 51
98 78
37 74
109 37
11 41
87 82
49 10
20 99
38 23
83 28
116 93
106 55
14 22
98 35
22 46
79 64
98 69
61 51
114 30
97 25
93 88
34 107
61 97
47 34
120 18
10 92
84 30
78 100
65 109
81 112
42 4
51 81
95 90
96 55
41 113
4 20
96 123
74 69
82 79
23 89
113 6
3 64
20 119
11 109
109 23
28 32
55 85
89 27
102 60
56 40
43 64
68 28
23 38
49 65
106 65
52 117
120 25
67 26
103 60
59 105
20 121
40 32
81 95
118 46
41 99
30 70
104 21
123 98
31 13
88 79
38 54
47 71
54 7
24 70
63 105
120 118
120 74
19 58
70 1
71 27
98 106
57 65
95 72
2 93
94 68
75 77
120 45
74 67
125 79
43 107
83 52
74 24
92 2
80 38
107 12
71 88
99 105
102 34
39 21
22 120
119 3
81 92
107 69
59 26
63 81
121 119
58 123
17 28
5 83
101 11
107 119
2 43
11 108
81 110
70 38
119 118
90 59
124 92
111 59
68 46
95 62
26 10
17 98
30 62
78 114
109 32
78 57
79 115
85 93
95 106
40 49
4 78
43 79
55 75
58 100
26 15
79 102
32 43
1 23
114 94
17 96
2 22
101 13
30 121
112 20
41 103
104 81
23 93
57 115
99 23
71 14
115 118
74 16
36 55
100 34
125 20
45 68
25 59
82 83
105 49
44 100
22 76
55 8
2 73
51 11
56 87
6 97
75 65
100 53
46 29
118 122
106 87
6 101
71 18
96 49
25 60
35 4
87 95
64 85
125 62
43 103
55 61
75 43
108 96
59 79
92 28
102 120
66 87
85 120
23 27
35 52
81 12
114 121
63 15
48 93
54 60
115 4
31 59
9 75
102 97
31 40
102 103
57 120
106 19
25 5
46 77
9 93
50 3
43 15
103 71
95 11
83 115
9 40
87 36
111 38
84 117
45 62
123 123
74 77
59 98
88 5
76 68
85 63
39 64
123 34
45 75
20 10
1 13
121 60
23 51
28 92
22 105
25 56
109 4
120 41
13 38
21 117
75 88
11 5
16 105
3 107
3 92
89 73
118 85
118 76
57 92
55 21
54 73
92 102
18 90
25 71
7 77
81 71
36 61
25 68
69 114
9 24
49 67
118 113
33 54
38 79
79 119
38 60
57 16
41 120
113 4
86 118
119 49
48 51
53 90
84 73
76 116
15 51
76 107
24 39
72 115
26 113
119 34
97 42
79 5
124 116
92 31
89 71
43 37
25 117
91 63
67 74
43 86
78 36
115 65
96 59
94 97
54 100
108 45
46 81
39 105
25 50
48 37
47 78
54 38
49 85
97 116
27 115
121 35
18 60
7 113
7 58
46 57
67 15
79 65
35 46
24 62
13 26
98 10
75 101
72 16
45 72
21 41
38 69
124 73
82 8
30 40
51 113
5 34
71 99
71 50
8 65
114 102
38 59
5 81
38 93
25 10
49 84
6 63
80 68
116 114
59 74
49 77
18 118
28 107
73 30
44 106
84 65
84 61
98 111
114 72
7 81
96 120
41 46
73 72
108 97
125 61
50 14
91 60
68 33
4 125
52 3
96 34
16 59
85 4
11 12
44 83
55 13
124 23
61 3
94 98
73 73
102 39
99 66
19 104
55 63
100 98
43 80
71 69
11 33
74 102
64 34
58 70
71 34
100 18
57 121
104 108
21 17
109 6
47 122
87 111
57 79
63 29
42 96
45 13
78 33
44 10
60 22
111 10
121 121
117 3
110 2
10 21
87 75
93 85
9 21
60 89
29 57
49 28
45 57
57 104
60 95
80 113
39 62
77 69
13 47
42 14
6 93
123 46
32 39
121 77
14 18
97 107
10 75
110 21
66 65
95 114
57 122
8 43
9 76
61 40
58 61
3 105
59 59
35 39
111 1
2 120
117 91
124 26
103 11
71 38
50 78
6 123
30 101
79 99
50 111
38 97
30 88
39 63
67 103
120 28
42 6
66 119
99 119
17 11
71 23
3 19
83 85
111 8
110 117
109 90
112 6
77 106
20 83
38 11
66 81
13 92
11 32
19 52
55 103
73 29
3 94
9 103
51 91
15 39
100 99
16 102
23 71
37 71
52 58
66 6
104 86
69 59
68 52
87 120
42 78
46 124
58 106
6 7
61 70
124 2
67 88
92 34
121 79
43 10
94 118
2 31
39 19
120 65
80 55
7 123
107 15
89 109
15 57
101 85
60 7
55 121
125 18
72 60
12 103
76 64
85 47
39 32
79 16
122 46
105 77
124 62
21 102
49 52
69 9
115 34
87 123
106 66
30 22
7 27
18 117
63 119
21 51
40 104
96 23
93 32
115 124
57 25
29 85
100 104
40 15
108 49
37 88
82 24
96 14
71 28
115 85
58 94
62 105
90 74
63 55
15 69
48 104
64 52
55 80
56 21
89 56
17 60
53 38
118 54
42 90
51 15
67 98
54 11
12 18
114 75
71 31
9 81
73 112
3 119
113 56
46 119
16 87
6 39
7 120
28 73
81 47
87 101
90 27
61 124
29 102
19 82
51 7
57 22
89 94
92 66
63 3
80 88
98 124
47 29
48 56
31 32
16 108
124 51
19 7
9 72
45 110
105 26
116 20
123 91
46 42
55 28
1 76
75 93
102 64
18 108
6 56
82 101
82 39
30 43
76 76
4 97
117 51
55 77
11 36
18 46
84 82
115 62
15 87
71 52
28 121
49 7
22 107
65 100
26 55
53 107
20 7
20 16
53 11
82 124
122 118
19 97
45 69
105 106
30 72
17 17
24 18
67 79
1 29
102 87
99 109
64 103
75 98
7 86
66 20
52 97
112 39
90 42
82 60
45 18
104 100
51 50
117 62
63 121
42 125
18 42
115 66
17 100
99 111
85 96
1 122
45 121
75 99
76 21
20 109
18 1
25 37
23 58
18 22
81 74
89 58
71 82
72 68
37 54
18 23
117 11
109 3
34 21
44 92
114 38
16 89
105 80
50 13
65 123
58 72
58 76
38 118
122 57
91 106
75 96
33 60
30 51
57 67
62 90
105 95
66 91
20 101
13 115
51 121
122 17
115 6
85 35
90 75
67 51
59 125
85 2
63 69
69 45
24 24
13 87
25 113
64 100
119 2
61 9
60 106
39 60
18 80
111 12
77 23
60 15
6 124
10 100
86 123
79 62
69 31
119 94
78 108
125 95
81 120
78 68
114 81
51 43
32 30
84 92
96 90
108 82
124 57
54 65
80 36
100 52
43 121
15 102
119 89
74 38
3 22
6 108
105 120
99 112
13 119
29 90
112 61
6 4
92 40
55 9
31 120
9 35
2 75
24 34
87 18
113 103
18 75
100 63
69 87
6 38
104 68
117 27
66 35
71 77
4 73
68 103
53 46
24 99
41 69
23 103
75 46
121 61
14 34
54 122
51 82
23 56
85 32
74 13
57 28
36 103
97 40
103 51
78 63
42 30
95 79
42 119
45 48
90 53
26 58
70 58
58 113
15 16
90 60
76 88
17 103
46 115
66 80
4 63
12 17
30 78
121 20
32 122
103 102
3 121
114 21
11 1
122 105
22 117
78 9
19 59
24 58
15 100
47 116
112 108
6 47
9 84
59 63
42 86
76 112
116 15
15 117
66 34
66 69
6 36
14 2
20 18
15 85
4 53
54 111
114 115
68 43
2 81
36 35
90 30
56 62
51 75
50 115
73 122
95 121
101 118
118 66
4 96
68 123
46 105
113 8
115 71
63 104
25 112
116 4
115 125
71 116
19 26
70 100
96 60
90 51
75 124
67 43
32 13
82 89
106 50
22 94
4 86
27 55
35 99
68 25
5 104
118 34
15 67
54 2
105 90
78 86
113 107
119 86
6 64
24 121
79 110
7 54
65 17
35 22
25 86
59 69
30 110
9 100
65 79
67 36
51 114
51 70
6 91
100 108
117 102
77 88
44 7
111 110
23 60
56 111
19 34
43 92
104 53
47 41
89 60
111 60
63 63
75 44
98 115
123 121
45 88
66 3
28 52
42 93
107 103
4 115
53 124
8 33
15 68
119 104
2 55
72 3
83 1
51 87
99 7
96 64
118 13
96 81
87 14
64 63
30 67
28 25
113 21
57 24
74 78
43 51
41 110
9 20
53 117
29 116
66 67
20 26
38 76
120 67
53 85
111 40
95 93
59 68
106 44
12 84
24 72
19 12
34 114
36 68
98 23
122 25
48 83
80 74
82 70
120 57
69 123
33 29
39 24
52 83
125 99
45 14
23 90
40 92
8 8
94 13
76 65
47 81
105 81
121 6
102 68
117 112
111 18
111 42
46 44
116 57
10 120
58 46
16 8
98 31
95 66
16 112
36 31
87 91
89 76
38 8
34 6
99 90
99 61
124 83
43 118
116 37
54 105
28 97
96 95
46 117
40 8
9 58
121 4
23 40
7 67
47 10
104 48
98 91
26 5
84 11
108 110
61 55
70 60
72 51
6 1
109 86
102 73
73 14
107 105
6 83
114 35
18 9
76 86
91 13
37 26
66 98
68 67
75 107
56 64
13 89
22 12
102 79
27 52
124 70
19 49
124 3
1 69
103 115
70 65
115 63
53 123
71 122
79 43
3 52
18 53
45 100
65 51
77 49
42 91
88 119
81 87
68 118
84 88
59 36
52 94
96 10
12 121
86 53
42 58
89 89
101 125
80 57
106 122
20 20
70 27
36 33
125 39
30 33
81 7
101 110
2 89
30 98
112 19
11 113
50 102
23 22
73 2
34 83
18 62
94 91
59 9
62 121
44 5
90 104
20 28
51 115
83 102
87 56
24 74
6 45
91 8
103 41
93 16
47 102
2 109
92 103
44 96
33 100
27 94
52 124
18 72
19 98
24 27
118 52
109 54
28 112
87 59
26 109
125 56
46 10
35 58
44 87
124 50
38 80
9 1
78 4
116 106
38 125
92 64
79 72
35 109
113 69
16 37
79 121
2 21
66 46
42 22
9 59
49 88
123 22
59 5
68 15
70 101
3 112
75 5
31 14
48 71
82 62
111 108
6 121
29 40
109 75
63 18
77 6
67 101
106 115
11 48
35 84
7 39
49 73
60 116
97 72
2 39
61 65
65 124
48 108
5 106
73 92
79 113
38 41
65 41
48 86
2 30
33 124
123 18
72 8
63 106
124 84
65 4
24 117
79 63
44 60
75 30
42 69
7 4
125 17
118 64
8 63
4 123
42 67
90 83
30 60
79 88
48 49
63 49
71 22
23 48
8 116
106 26
124 66
120 85
41 91
83 48
34 105
112 5
57 112
49 58
80 110
9 124
32 20
8 35
10 59
107 94
114 1
23 68
104 84
88 116
79 10
64 104
78 80
40 59
38 103
38 16
122 78
96 86
75 94
105 97
115 17
38 43
120 37
43 61
36 4
71 83
5 101
81 22
4 91
44 37
47 110
13 6
20 6
51 111
71 94
70 63
72 93
55 38
110 41
95 107
14 24
41 80
67 66
97 7
85 113
7 22
100 56
110 11
116 3
110 87
62 120
99 124
108 18
100 72
55 31
85 57
27 113
10 5
83 8
98 70
66 15
70 93
66 18
39 116
77 84
89 32
112 9
46 32
18 24
72 102
124 91
44 16
26 88
68 109
88 109
116 25
86 93
30 107
46 52
34 51
16 38
114 83
3 47
103 116
85 123
108 75
122 67
18 11
103 97
56 100
110 3
75 82
112 31
31 55
105 38
115 103
25 43
68 13
101 75
21 8
67 17
90 6
45 27
59 118
67 125
5 113
18 65
90 70
16 69
9 39
97 84
113 50
49 119
73 70
108 33
113 37
77 46
49 38
62 85
115 91
88 83
103 22
25 115
49 69
82 56
123 72
15 31
96 16
94 67
58 17
17 24
109 122
33 97
81 37
86 81
94 90
19 122
51 72
94 120
38 122
51 12
105 66
24 25
26 98
40 72
118 38
55 79
103 34
39 39
93 95
95 67
112 16
124 5
3 29
116 123
72 77
66 12
112 11
25 97
109 96
90 85
27 36
111 64
7 10
11 73
19 35
2 54
13 42
100 30
97 17
17 59
83 9
104 113
2 24
86 6
47 39
21 48
23 23
6 85
107 116
6 113
36 119
124 34
81 105
87 30
108 3
49 27
8 95
104 87
68 65
49 34
124 80
51 59
31 66
41 61
1 67
95 70
70 24
116 50
59 92
10 98
114 111
5 118
17 52
48 75
100 116
74 56
62 56
99 121
20 70
104 122
94 47
59 77
17 95
123 84
39 6
46 35
102 14
32 28
67 47
73 48
108 120
122 94
112 66
89 31
41 108
107 45
36 56
13 9
55 66
79 8
61 21
98 40
35 83
22 77
104 1
59 76
35 12
117 93
54 82
2 110
59 97
79 122
57 43
124 37
84 76
87 7
30 71
15 62
111 102
15 91
109 102
85 54
99 9
38 121
40 40
39 61
115 105
82 31
73 54
44 38
82 120
38 91
11 97
99 8
64 91
43 7
41 19
76 4
52 98
98 105
49 2
11 69
63 116
57 97
102 21
7 62
85 84
77 113
11 102
70 68
43 77
87 62
6 86
83 113
119 114
14 106
36 78
41 24
37 29
62 94
14 116
17 115
27 5
14 29
93 56
51 31
90 13
35 41
9 44
57 7
42 50
34 76
65 48
26 47
112 15
50 84
118 67
28 3
59 108
88 15
103 79
3 118
93 98
31 48
65 84
20 103
117 100
116 6
46 111
59 41
36 121
36 94
106 22
81 88
2 114
108 99
73 7
30 32
8 49
6 10
120 16
36 45
104 19
112 37
60 91
11 71
47 83
104 73
50 98
26 69
99 48
91 102
87 15
17 13
56 20
122 86
42 5
6 80
28 58
42 26
44 76
121 110
10 53
118 88
8 15
84 58
46 84
113 36
98 38
94 42
23 109
55 98
103 21
10 87
115 2
56 29
1 123
98 84
36 27
38 67
45 70
106 20
106 37
7 8
80 96
15 45
32 71
67 23
121 100
79 73
110 36
96 71
6 94
70 52
66 45
38 72
109 111
67 78
39 38
84 53
116 5
36 72
27 86
93 44
35 76
125 78
11 15
33 101
63 74
106 102
73 74
14 75
24 94
122 116
9 118
85 61
57 87
100 119
27 87
102 32
4 82
29 112
101 45
70 20
4 75
105 34
53 122
41 105
81 99
104 63
96 105
60 62
78 7
37 125
10 45
14 93
59 88
27 107
93 33
45 39
87 64
113 104
90 50
96 77
30 11
66 85
64 70
38 21
25 101
49 32
11 43
105 64
27 82
120 125
69 14
50 108
109 80
68 84
13 116
37 70
39 40
8 58
106 94
107 37
5 51
121 74
19 60
20 87
50 73
77 41
79 4
12 51
39 78
16 113
60 32
41 95
87 74
31 18
104 89
102 101
71 89
38 27
76 50
68 120
26 42
70 53
13 84
84 99
43 120
86 3
83 24
21 116
15 66
107 121
9 111
1 70
5 1
61 83
100 40
82 37
50 25
104 45
18 33
35 79
58 19
46 108
103 45
115 7
35 101
115 115
119 103
97 78
79 19
64 44
122 90
89 123
93 61
91 61
100 36
89 96
25 66
90 76
30 9
64 39
118 83
68 96
79 106
46 112
39 9
53 52
66 44
4 106
25 46
114 23
57 37
83 122
7 75
69 8
79 94
112 34
55 102
55 73
49 21
34 10
72 35
86 22
66 55
75 52
98 46
27 122
59 15
69 29
105 1
124 4
56 86
12 124
87 76
55 109
23 106
53 116
45 82
24 5
69 97
45 49
83 57
67 19
27 7
72 117
67 80
85 99
117 4
4 17
69 43
72 1
11 29
114 15
73 103
108 64
1 56
113 19
96 37
64 118
82 44
93 35
68 71
62 36
13 30
1 100
14 114
25 91
11 56
6 27
52 96
123 85
15 23
90 1
106 40
12 68
118 4
3 45
14 17
51 64
72 32
11 64
40 4
50 82
107 63
12 91
113 87
43 36
29 10
70 85
78 93
15 94
24 85
64 13
71 66
49 115
78 13
98 92
8 100
41 28
102 86
117 114
73 120
11 28
50 71
31 52
57 84
102 52
49 108
105 13
82 3
8 64
121 46
53 93
31 64
20 55
19 109
76 110
63 47
27 123
8 72
118 57
39 87
58 21
107 78
16 43
63 73
61 119
54 12
21 53
8 50
30 113
48 23
123 74
18 77
89 29
73 75
122 91
49 1
110 54
39 1
51 124
114 56
84 16
100 90
47 62
67 107
33 10
119 100
91 58
17 68
78 106
106 96
106 85
109 27
61 110
29 119
111 2
93 19
63 11
56 71
63 12
12 79
76 47
27 114
62 67
110 84
48 2
107 80
110 37
81 116
9 120
38 78
102 88
53 63
115 30
8 18
73 83
105 91
5 103
24 78
123 62
35 26
68 35
43 116
97 68
69 50
118 106
28 85
11 46
84 102
89 101
19 125
83 6
112 93
106 17
120 48
27 9
23 112
84 33
59 31
45 90
123 93
106 58
96 46
9 27
22 96
33 117
11 118
40 27
41 123
34 103
47 56
90 102
72 85
90 93
104 24
84 32
70 94
40 3
39 52
28 82
10 38
105 6
57 32
17 10
56 91
74 106
87 103
21 26
3 113
106 47
53 54
22 74
2 72
97 117
87 33
60 76
13 58
63 54
49 71
51 85
53 32
53 18
33 42
50 46
71 108
124 118
99 38
59 16
7 35
97 43
40 50
102 17
68 48
28 123
46 45
23 52
48 109
13 63
24 125
91 68
46 75
32 24
54 96
43 18
30 50
29 74
32 118
87 92
69 49
114 24
119 41
61 102
53 94
67 119
91 117
20 51
58 14
44 28
71 115
109 119
86 55
96 63
92 44
110 80
58 28
91 26
73 125
9 86
104 120
11 39
23 15
113 99
105 89
102 3
59 119
10 50
105 12
96 89
2 100
58 75
85 9
119 16
49 12
109 84
8 54
108 95
96 72
31 73
50 24
15 6
6 109
65 113
122 62
48 60
7 119
40 57
55 7
12 125
7 9
120 73
104 14
39 69
95 73
20 78
54 81
57 49
11 50
28 53
45 114
49 59
114 105
47 64
113 46
36 38
8 5
49 112
60 79
25 47
95 4
77 124
15 43
111 22
107 19
74 109
107 2
31 108
116 76
34 69
73 124
94 79
60 94
79 33
10 104
56 52
7 29
112 24
44 119
116 17
51 77
82 16
52 13
44 56
44 74
26 33
5 28
84 34
22 97
27 31
17 33
14 102
111 119
9 25
6 57
2 27
21 39
59 44
92 14
85 6
63 30
61 63
102 30
35 24
91 47
60 73
118 82
10 91
113 44
116 70
107 106
49 64
50 95
38 29
65 111
3 85
81 20
111 5
76 82
63 87
6 89
35 36
13 94
86 65
2 5
24 46
5 94
112 117
12 9
95 78
12 33
56 83
117 107
56 31
85 48
1 64
65 69
79 47
42 23
15 112
46 50
55 72
124 111
116 44
107 73
1 41
14 77
18 34
11 77
21 111
103 125
87 96
75 49
89 21
78 124
34 18
97 2
82 33
94 5
27 108
29 81
63 51
122 50
107 115
119 46
101 79
110 63
75 7
72 47
40 31
82 54
87 12
63 123
108 101
32 4
64 3
110 91
53 59
36 18
10 9
124 7
33 61
33 9
95 98
73 9
72 80
125 72
2 103
8 26
13 40
12 88
26 125
74 87
61 99
74 93
74 80
103 57
66 99
83 4
54 67
31 101
114 3
120 56
28 96
34 99
36 125
125 124
31 50
110 114
110 95
1 11
54 14
79 69
5 80
16 32
62 8
84 23
4 11
33 14
88 18
35 78
38 73
118 19
39 31
37 108
5 25
75 122
63 44
27 79
111 103
125 102
69 74
77 62
95 101
46 31
86 43
30 5
18 122
111 44
86 125
16 25
36 66
41 53
53 111
43 62
58 81
91 112
34 36
47 19
27 63
26 1
90 67
45 28
40 38
112 113
12 16
94 20
71 56
72 118
86 76
92 118
10 4
85 23
59 27
104 92
111 68
41 122
16 3
35 59
72 74
18 120
112 106
80 93
61 118
120 21
100 82
87 19
72 120
118 37
124 72
114 106
8 91
34 58
16 46
36 37
92 29
11 31
102 105
43 21
95 18
21 92
110 103
122 51
24 68
16 1
95 29
93 75
89 38
94 19
84 7
107 53
39 90
58 58
93 5
20 73
80 112
107 8
37 85
87 20
119 62
31 81
64 73
60 43
8 105
24 43
25 12
98 97
90 62
124 6
27 88
12 99
4 5
109 53
13 7
89 2
62 87
21 32
112 75
49 80
105 103
59 99
67 30
28 105
52 50
25 65
117 104
8 83
79 27
108 105
41 42
3 20
94 87
60 101
125 115
14 112
29 93
78 29
89 116
78 34
16 13
35 5
51 61
26 73
21 61
42 121
111 123
79 55
27 73
66 120
81 29
78 85
107 111
122 95
18 70
119 17
54 110
100 9
111 41
47 36
55 14
55 51
28 34
113 84
41 18
33 57
49 53
30 17
103 30
106 14
47 45
19 33
8 104
31 113
105 74
115 84
66 123
93 54
1 2
31 38
48 48
52 74
105 102
74 103
50 27
23 107
29 48
13 64
97 108
58 65
115 52
81 75
94 7
6 116
20 41
103 23
55 69
99 50
54 23
31 8
28 37
95 81
16 75
99 95
74 11
106 3
107 52
96 117
65 42
118 111
77 35
90 3
125 110
55 84
5 43
49 41
55 104
77 7
83 79
4 22
42 116
15 71
79 112
53 28
94 110
84 49
4 84
18 111
55 26
116 34
98 86
87 39
122 107
111 121
115 49
17 110
14 101
91 21
16 18
115 25
51 37
5 108
122 28
25 7
108 16
9 47
74 117
39 112
84 79
76 70
103 61
49 4
6 12
59 34
79 34
49 113
88 91
102 69
98 9
78 105
82 75
121 17
72 75
25 1
20 97
30 94
19 108
50 97
45 17
62 27
6 46
1 57
15 108
64 64
80 77
44 116
53 82
78 25
121 89
1 97
103 2
111 35
123 28
33 102
108 48
101 95
16 16
118 40
29 111
7 12
43 46
29 117
15 18
91 65
74 94
104 39
92 8
117 49
75 1
118 43
49 105
114 109
94 89
38 109
58 32
56 113
37 27
21 82
76 72
33 119
7 69
92 3
56 15
100 45
50 40
18 56
106 80
69 28
100 33
90 17
72 89
61 71
36 41
46 53
19 107
34 50
3 50
18 8
69 70
48 22
30 6
31 103
6 106
123 36
13 43
106 106
106 49
77 97
51 95
23 98
45 10
68 59
2 33
107 84
42 87
104 91
76 59
29 31
94 41
97 77
86 79
23 94
92 10
48 26
64 47
106 84
117 78
124 52
63 100
79 12
64 55
48 105
55 17
104 114
68 53
9 51
6 100
5 98
101 3
3 35
92 69
125 77
28 110
2 86
13 49
44 117
8 102
9 71
56 123
110 8
31 95
77 73
71 61
9 109
6 69
42 16
30 39
17 72
7 15
17 14
30 93
45 5
118 20
92 121
32 87
116 90
68 80
89 114
64 49
107 24
90 124
61 25
123 47
57 83
29 107
38 10
81 82
15 74
76 41
5 75
51 19
82 90
81 51
120 14
121 70
106 1
64 92
20 116
70 104
34 84
119 72
81 111
31 114
60 102
99 40
43 78
68 121
96 73
39 100
70 67
70 16
62 114
77 96
107 11
89 18
67 10
99 88
19 112
24 56
47 22
62 47
96 68
74 98
123 12
64 56
84 84
83 109
53 98
114 125
69 15
125 51
27 23
61 12
81 32
27 44
90 43
17 46
56 74
5 117
4 47
20 69
106 71
55 65
121 1
52 42
52 118
50 85
46 58
31 37
16 73
43 124
109 74
22 18
118 70
78 43
109 26
62 41
6 40
58 114
76 53
67 8
125 13
13 57
114 69
91 89
61 10
125 73
77 102
6 42
74 122
15 27
53 109
37 1
32 100
64 96
123 63
101 80
13 65
43 98
57 18
48 17
103 46
27 76
53 48
42 13
64 10
12 76
38 95
59 45
82 36
45 31
89 62
107 110
4 40
40 11
56 26
74 86
113 80
19 5
88 30
54 34
6 102
109 44
64 66
83 11
99 89
115 96
52 30
16 48
91 15
29 61
56 73
21 71
92 114
63 61
19 36
102 44
108 7
75 54
13 19
44 59
33 46
20 65
8 74
99 19
92 97
3 66
44 51
93 97
25 82
98 87
74 100
105 54
5 88
20 33
65 116
26 19
47 18
22 122
95 42
90 98
49 17
95 40
114 40
34 102
70 109
119 53
8 69
90 2
119 113
82 46
14 43
17 23
17 105
81 97
121 58
83 13
20 81
94 33
67 84
27 95
87 54
34 120
25 15
38 9
112 71
37 36
59 7
92 36
108 98
108 21
40 109
111 73
67 6
27 26
97 37
46 99
70 40
82 87
59 28
117 25
57 71
35 56
35 60
33 88
104 116
51 10
14 70
104 78
33 74
26 9
2 60
111 124
22 104
11 110
75 114
11 3
100 114
69 39
108 19
114 34
79 7
38 92
120 26
62 79
47 117
1 89
38 106
10 117
68 99
67 54
34 20
26 97
61 111
29 41
35 87
120 10
23 36
39 68
90 111
68 42
29 109
96 62
106 89
119 59
22 35
108 35
37 60
25 63
52 48
84 122
16 115
59 40
124 90
117 16
29 78
73 105
121 80
105 3
73 4
118 115
109 2
64 89
120 109
49 79
35 118
116 19
88 101
96 110
14 98
121 34
114 67
83 110
44 122
45 107
80 75
115 111
34 25
39 41
8 42
51 79
5 82
29 98
2 3
24 15
22 47
108 5
68 8
42 105
91 14
74 4
21 9
46 30
29 68
78 27
83 77
11 114
20 22
25 57
29 32
39 20
25 58
118 17
77 21
122 14
95 86
90 99
50 66
121 106
96 65
40 85
58 38
69 77
94 21
42 117
71 102
7 2
121 125
105 17
3 74
19 80
57 70
40 51
20 36
55 125
49 83
86 80
71 68
59 103
40 64
4 105
18 89
95 2
84 67
58 124
39 121
21 44
16 50
121 59
29 28
37 66
62 22
74 90
111 72
57 5
12 32
73 39
73 32
76 57
54 63
61 60
57 66
117 17
55 90
93 31
95 26
18 27
50 57
30 64
24 57
54 77
47 101
123 90
61 120
92 61
110 56
110 93
97 52
45 97
124 59
3 95
10 66
120 63
7 124
13 28
114 78
93 114
87 100
15 115
72 72
23 81
44 123
108 2
70 83
97 74
103 105
91 41
46 76
23 87
73 19
46 49
77 37
50 74
86 28
40 118
104 13
61 122
71 67
9 73
31 24
7 13
51 8
29 38
125 4
105 42
18 3
82 85
63 110
26 119
60 87
115 106
81 1
53 79
75 57
65 114
102 56
86 24
89 44
51 44
117 22
59 123
52 99
6 29
45 94
48 5
54 27
40 121
101 14
70 48
77 13
13 14
92 85
38 48
70 47
56 36
16 36
68 74
3 3
120 24
13 109
90 87
61 62
13 32
1 43
5 55
5 39
116 82
36 14
21 45
108 62
28 94
74 39
111 94
100 46
91 27
92 123
90 115
46 69
82 102
16 2
61 6
68 10
54 54
105 118
15 8
90 66
39 83
119 121
123 75
84 24
99 106
80 78
6 58
44 14
60 98
92 45
105 56
65 91
117 71
27 91
84 74
75 64
9 26
27 59
16 63
7 90
1 17
100 20
99 31
77 20
76 101
12 37
73 33
103 36
115 1
65 25
92 79
10 62
32 59
98 47
80 17
85 66
76 77
30 44
113 101
7 42
89 107
124 86
100 85
112 82
27 69
83 80
53 119
86 54
77 18
48 31
41 64
3 104
95 92
39 97
114 5
3 13
26 59
19 17
106 38
110 27
7 97
54 6
110 16
6 82
81 104
64 99
42 103
34 64
32 33
101 6
97 36
67 9
29 91
78 75
30 122
123 80
48 38
117 124
24 19
50 49
35 30
91 12
39 75
44 67
54 98
64 54
66 54
19 111
45 24
72 64
86 83
56 33
14 9
60 90
85 20
67 39
52 28
34 7
20 124
80 22
66 56
25 52
19 87
45 63
71 86
104 94
124 60
85 106
118 86
50 93
46 14
93 18
82 38
50 94
21 5
34 54
122 33
72 36
117 77
119 52
53 118
120 104
101 33
89 15
61 116
25 33
5 85
93 125
96 118
105 96
5 77
6 16
56 80
111 118
24 95
52 109
15 50
117 66
1 7
9 101
123 94
11 35
87 3
104 60
109 68
119 70
21 79
4 85
5 47
76 37
107 96
38 110
102 38
17 67
42 17
113 39
51 34
78 14
52 52
74 76
103 9
122 98
104 57
91 110
54 8
53 34
10 40
94 24
62 72
37 79
46 114
24 11
66 52
91 4
11 111
25 13
24 59
46 82
49 9
112 60
87 125
95 49
83 70
42 70
73 98
88 17
61 27
34 29
12 77
123 124
101 65
112 87
40 122
83 10
120 15
122 6
13 23
66 4
34 38
52 88
42 114
73 28
32 53
23 30
94 48
19 121
124 47
120 107
111 36
34 44
98 17
22 112
52 12
36 117
71 106
66 2
115 43
92 107
113 86
109 103
4 79
117 46
35 10
77 11
125 120
116 33
123 53
66 78
9 117
20 67
118 58
62 23
97 81
121 19
3 49
7 99
39 50
27 105
32 56
28 87
107 27
5 125
99 47
121 29
85 8
80 107
18 113
7 118
101 66
6 33
80 111
55 112
18 100
19 16
58 6
8 29
111 52
20 44
70 77
17 101
2 37
37 99
98 6
98 119
115 120
20 102
124 14
62 64
63 23
12 7
56 117
78 15
122 111
124 124
60 20
101 69
26 23
4 60
42 9
25 99
22 103
78 2
62 63
32 54
112 57
25 108
54 66
5 122
12 116
72 101
110 20
68 93
35 120
109 24
26 93
91 19
96 84
2 76
104 30
59 11
52 27
79 24
117 37
78 10
45 96
33 123
125 75
43 104
37 4
6 51
37 116
11 120
36 96
5 110
28 48
74 57
54 46
17 116
118 56
88 68
116 80
46 4
122 72
56 44
70 30
120 95
10 63
112 68
8 90
34 46
72 52
125 15
29 34
3 100
69 58
16 28
61 26
26 77
2 85
109 70
25 94
68 30
46 94
75 104
24 91
24 84
86 39
71 65
86 90
103 42
114 60
99 17
51 100
47 35
32 79
58 25
50 80
60 75
109 52
53 76
52 113
100 10
71 54
16 24
42 20
82 18
5 93
97 119
114 47
67 93
121 23
122 37
90 68
28 26
90 103
12 36
69 11
44 65
22 72
8 111
9 112
28 81
124 48
91 36
40 23
2 59
97 86
24 2
112 29
60 37
118 72
62 20
51 73
119 106
110 86
31 11
33 50
37 82
47 68
107 44
111 55
96 6
111 92
125 104
54 88
62 37
73 55
8 60
55 48
4 112
115 98
90 113
77 30
36 7
19 65
91 40
115 19
76 113
70 92
111 11
13 74
10 111
71 16
26 86
17 123
121 5
120 124
43 29
113 29
111 63
107 20
75 81
48 21
69 105
97 80
99 63
11 105
109 36
21 94
25 21
121 91
110 5
6 118
38 101
54 121
62 18
65 103
84 37
59 113
3 111
110 101
36 79
17 125
102 94
110 122
66 13
86 73
52 106
101 92
39 103
16 42
112 53
89 86
123 125
40 96
120 29
62 102
116 12
11 25
110 105
69 57
35 44
92 33
89 92
105 78
75 91
39 27
108 77
87 112
111 99
84 113
95 64
5 54
60 18
55 70
35 75
21 120
118 65
95 45
16 76
49 101
77 38
116 109
112 72
92 111
31 125
98 3
58 125
109 123
6 2
18 18
89 72
112 80
117 57
70 29
104 50
48 81
58 11
4 83
105 93
107 91
45 60
80 8
87 114
123 83
12 5
105 104
113 32
26 25
37 2
108 116
91 34
42 28
89 111
13 85
53 92
54 40
72 76
4 28
121 120
84 125
69 62
108 100
32 83
1 14
11 42
104 110
101 39
70 79
19 124
27 99
42 44
111 106
87 122
7 66
117 9
100 106
45 80
111 82
106 91
59 87
52 60
17 27
41 97
15 118
96 36
101 48
124 41
90 73
44 52
10 74
86 62
65 122
43 9
90 65
89 82
124 95
41 30
109 65
35 37
53 86
55 6
11 13
26 107
66 19
22 70
47 51
102 36
32 42
80 115
71 29
83 14
39 8
39 77
79 25
62 17
53 45
72 56
68 78
82 58
117 12
103 96
25 70
118 42
107 10
71 45
46 33
53 12
66 94
83 23
2 78
85 101
4 92
23 108
118 99
42 11
24 108
46 39
84 51
20 11
104 58
118 116
67 89
121 27
122 47
62 107
79 67
123 112
99 102
16 96
53 77
74 72
108 13
21 95
85 16
73 42
100 54
32 69
123 66
83 5
58 10
125 92
120 66
36 60
14 95
48 119
61 76
120 7
87 94
83 68
42 40
57 34
35 115
95 87
96 39
84 60
110 125
29 33
73 111
7 68
87 1
3 33
83 75
86 9
90 121
81 60
14 33
20 59
5 2
76 124
122 30
62 89
70 32
54 124
29 71
69 104
98 44
14 120
25 111
96 61
70 97
71 40
20 80
76 28
76 87
76 99
34 108
109 41
27 96
95 82
7 46
72 59
117 28
15 73
11 96
100 79
47 113
105 33
97 92
51 5
95 5
83 26
102 13
55 95
67 32
54 75
9 78
15 55
36 23
51 103
115 31
43 70
37 91
4 124
30 84
32 113
62 25
112 103
103 118
95 19
84 28
85 19
44 9
78 77
59 33
72 42
85 71
91 3
8 16
111 45
107 95
80 118
60 103
121 65
108 107
64 46
48 107
62 73
66 84
20 4
62 14
55 16
5 69
106 43
66 62
77 54
110 23
41 39
58 23
109 100
84 119
82 86
106 31
10 60
1 66
120 23
25 19
95 102
96 38
73 96
113 49
102 20
23 46
89 119
12 92
33 75
121 113
40 56
95 118
119 76
77 70
33 91
47 69
15 80
59 62
32 109
102 59
56 8
66 33
111 77
58 49
65 77
30 55
124 49
22 111
11 10
89 39
7 14
86 97
116 38
71 100
73 15
43 85
41 106
43 39
13 121
97 94
82 94
10 83
122 2
59 20
40 74
87 16
115 15
101 23
11 4
54 70
36 53
86 35
7 84
64 48
58 79
58 73
63 53
94 96
73 52
85 27
26 54
72 63
5 42
4 70
65 73
117 7
6 98
54 69
25 28
5 24
80 124
78 44
96 115
80 4
116 54
77 58
8 27
1 124
80 48
89 13
53 23
45 59
48 72
30 7
109 11
72 95
14 86
77 79
6 115
67 29
37 53
104 17
59 106
49 82
115 70
96 78
2 47
103 119
125 58
34 110
94 11
26 68
45 99
89 122
38 61
66 14
43 93
115 58
113 64
85 74
125 10
27 84
13 52
125 12
120 69
20 105
79 54
60 109
28 101
27 85
78 84
48 16
14 124
94 93
100 112
6 55
98 5
53 31
34 17
6 105
115 18
81 66
123 13
112 116
36 47
59 109
86 122
27 41
91 39
102 57
19 90
30 106
60 44
24 104
2 38
92 57
34 1
4 36
106 117
109 1
73 11
121 53
8 101
46 107
67 48
86 4
85 86
65 12
86 105
103 69
86 56
49 19
43 91
38 19
103 59
50 45
81 48
118 81
5 62
25 30
9 102
83 90
57 86
120 61
110 96
22 30
102 125
85 41
96 2
38 105
7 19
11 26
71 39
38 28
119 12
8 92
92 37
113 15
17 31
98 110
115 116
33 40
39 93
86 74
76 34
60 78
72 55
55 60
69 72
73 94
105 98
2 108
28 40
67 64
113 73
32 119
48 74
96 42
52 36
47 55
53 112
31 7
64 84
96 56
5 7
57 33
43 34
116 116
69 99
75 37
22 50
25 29
21 10
80 80
6 6
12 52
89 64
100 22
10 41
115 123
46 21
107 40
110 100
104 40
56 90
108 58
54 93
85 26
6 77
116 108
71 76
60 65
24 96
118 55
20 114
64 71
53 17
93 20
110 111
76 55
12 35
114 86
113 116
74 113
10 3
72 40
113 108
35 9
115 51
86 94
40 95
115 102
102 78
89 115
123 52
37 113
6 84
79 21
66 107
64 109
23 123
97 58
6 60
69 21
86 78
117 24
79 45
21 113
85 64
95 22
77 91
51 28
97 21
29 121
20 63
20 74
68 21
17 109
93 24
34 73
97 41
103 44
5 68
99 125
22 6
24 55
116 87
12 66
125 29
73 85
67 7
42 83
15 104
61 106
20 125
118 109
48 45
62 75
2 16
15 63
90 40
34 49
91 87
93 94
38 119
44 91
108 89
9 66
106 116
113 24
38 90
38 15
77 87
20 100
105 14
48 53
119 60
72 73
83 50
30 116
96 70
12 41
120 36
25 6
52 14
33 4
119 33
118 93
81 5
41 104
33 82
110 119
82 63
26 38
67 76
89 40
27 40
65 117
27 89
56 92
102 102
63 8
90 14
34 23
100 23
110 18
5 95
87 79
29 106
115 68
119 7
64 68
50 100
10 122
122 5
32 107
69 108
54 109
58 2
67 121
35 106
15 92
36 113
66 9
11 68
43 84
66 93
37 18
18 2
25 36
12 13
18 78
62 92
38 98
87 102
119 58
82 108
19 62
15 56
116 105
91 45
59 32
100 24
88 35
119 45
123 56
30 112
92 78
100 70
86 45
15 105
46 38
84 38
3 114
89 55
65 98
51 58
16 66
98 68
16 91
92 55
63 101
85 50
14 61
36 48
24 63
36 32
107 59
106 12
44 33
14 90
88 103
46 95
29 24
17 69
109 31
41 25
32 110
96 3
65 72
11 103
16 6
122 96
24 80
46 120
29 115
20 14
112 96
28 47
31 58
116 68
42 27
100 88
27 100
9 6
33 63
47 73
64 80
103 53
74 18
109 115
50 118
74 2
84 42
74 84
3 120
74 53
55 114
52 103
62 96
88 114
23 14
33 118
108 115
56 105
78 97
115 99
111 17
71 13
39 4
79 51
116 96
102 112
111 56
51 30
25 125
14 119
119 107
2 8
28 104
17 48
6 111
119 20
40 5
63 25
101 106
22 57
37 72
24 38
43 25
118 90
50 70
93 26
98 62
107 125
108 76
84 87
80 46
86 58
45 21
20 123
92 71
21 91
42 97
43 96
85 85
13 62
7 40
92 12
79 109
85 95
11 37
14 27
42 99
46 118
24 53
19 102
29 94
82 20
110 102
3 32
36 115
6 44
10 49
53 102
61 18
108 67
1 121
35 93
27 43
111 97
108 104
92 110
69 4
40 86
83 37
80 109
14 25
69 80
62 61
83 51
120 32
24 124
11 47
80 35
10 2
103 37
70 41
92 58
68 91
53 95
121 85
70 112
93 74
16 49
87 42
11 52
122 88
61 53
16 95
96 19
84 91
39 104
66 89
57 73
45 113
48 46
2 46
49 95
67 62
110 106
89 11
32 95
90 110
64 98
50 21
11 121
12 87
41 32
93 15
88 117
42 85
11 27
68 41
88 115
106 33
18 86
52 5
21 74
54 22
28 63
125 45
103 99
111 26
35 1
19 89
50 92
49 11
15 59
69 75
88 113
124 87
69 37
75 45
19 73
24 36
105 61
14 122
11 2
40 28
67 2
123 60
51 22
37 62
117 96
66 23
44 110
21 34
107 113
103 94
113 58
63 35
80 119
17 12
115 79
24 100
21 103
71 20
85 117
40 114
98 34
97 96
91 49
15 37
9 34
77 64
23 3
4 108
108 65
57 106
11 94
120 119
79 39
48 40
48 100
123 50
125 122
24 87
60 85
65 9
89 52
23 25
81 70
81 44
101 61
109 81
100 94
49 78
119 82
5 20
116 26
98 22
32 45
49 43
25 114
93 118
113 125
68 102
35 27
112 99
32 123
30 56
61 1
9 57
43 32
102 50
102 24
86 86
72 26
41 2
107 108
20 120
70 76
125 16
32 32
14 109
47 125
46 67
48 33
29 22
38 107
45 65
39 98
124 68
114 66
103 6
16 62
97 70
50 69
53 61
101 1
124 110
31 1
98 85
54 45
67 1
17 18
110 109
82 91
11 84
56 46
3 24
51 32
29 14
18 68
76 35
21 80
80 69
14 121
102 91
60 118
37 28
14 66
69 16
100 50
13 82
83 33
73 21
74 37
78 119
9 65
112 43
5 40
104 51
36 5
90 48
1 9
22 54
106 72
86 69
103 3
76 98
89 7
24 109
113 23
55 44
23 85
70 3
45 30
102 113
63 16
53 8
8 48
90 52
39 110
99 34
90 95
9 31
82 43
9 43
38 42
55 117
114 80
50 101
14 6
22 83
109 85
93 73
89 4
32 37
55 58
53 40
80 60
66 103
70 72
73 35
10 80
97 63
81 61
69 35
23 72
107 123
114 79
24 48
74 54
26 60
116 32
77 83
113 124
13 29
110 14
18 92
66 95
71 42
93 108
105 76
12 42
108 79
114 93
48 61
43 125
97 79
44 62
78 109
47 70
101 49
40 93
83 17
37 80
118 73
84 45
42 53
49 3
77 10
99 122
38 36
66 58
41 68
52 29
106 56
39 16
26 48
67 106
109 28
38 40
93 21
99 25
104 20
46 109
122 34
19 18
38 31
11 19
76 5
3 81
51 51
12 97
21 27
29 123
95 32
17 40
48 11
31 70
106 8
96 87
9 79
112 81
31 97
28 18
112 62
72 11
57 116
82 93
32 40
68 112
35 104
52 26
80 51
77 19
20 88
16 99
65 24
47 47
68 110
6 65
41 56
4 12
28 42
89 12
94 116
120 123
55 122
51 76
120 13
52 69
61 89
12 82
108 71
7 7
110 77
63 27
80 6
107 97
110 60
94 75
95 48
82 23
54 9
62 122
85 17
80 9
123 122
118 121
44 81
103 14
14 23
62 88
32 5
31 86
2 49
62 3
88 74
36 42
111 15
98 55
59 30
104 27
8 45
23 102
30 77
109 66
18 115
94 122
82 112
11 99
24 106
101 16
74 107
54 80
78 102
42 108
39 3
100 58
67 102
16 117
72 87
13 67
9 19
83 114
122 82
27 57
32 84
110 78
76 118
50 75
83 108
92 18
30 48
46 116
35 94
62 86
77 59
75 11
39 18
58 48
120 96
61 41
50 1
62 10
40 36
41 88
39 15
32 82
56 42
14 16
108 42
15 12
91 101
75 121
50 58
25 105
108 91
76 48
111 25
123 41
81 85
124 74
18 50
20 21
86 99
64 95
21 87
15 84
124 101
71 111
1 62
22 13
105 15
6 81
92 108
117 48
68 104
32 48
78 120
5 66
82 103
35 100
68 27
44 108
121 66
60 69
40 45
49 103
23 43
71 70
12 12
66 11
57 90
119 43
32 17
47 86
111 47
102 92
54 76
26 26
49 24
49 6
90 119
94 40
59 124
11 49
13 71
115 26
18 97
88 72
22 11
94 23
65 118
37 90
81 59
14 37
86 98
68 24
111 9
83 74
104 62
118 28
31 4
72 20
125 50
95 71
114 8
83 93
23 6
26 18
70 8
40 108
118 84
116 112
119 54
107 4
101 12
107 64
31 94
35 62
83 35
10 72
7 104
64 88
112 105
64 77
70 117
97 88
47 90
95 111
20 42
83 81
1 102
100 44
99 92
103 84
26 102
33 58
115 5
5 73
107 49
124 30
91 85
3 67
85 18
90 117
87 43
75 48
9 55
93 30
2 111
114 29
20 35
75 53
34 63
99 87
64 27
95 115
101 113
3 93
60 97
122 3
49 62
20 115
98 93
67 40
13 51
102 111
116 7
20 49
116 14
21 98
103 15
43 117
3 61
87 90
102 114
48 115
107 57
12 69
72 61
13 112
26 92
65 92
4 116
7 41
3 18
62 43
121 105
59 81
112 115
125 111
47 15
78 28
44 24
33 23
32 96
20 17
119 124
10 64
6 25
35 48
44 89
43 56
110 108
22 28
71 35
13 50
39 13
9 90
107 74
93 7
124 85
40 65
64 50
63 68
62 49
100 67
3 51
66 86
47 42
51 35
57 125
124 42
78 16
102 41
36 34
25 116
10 121
107 62
47 33
10 89
49 23
102 108
110 59
99 73
117 42
96 35
88 20
99 69
13 46
61 35
12 95
31 31
77 1
88 62
53 3
2 91
51 92
70 42
66 25
85 104
57 76
118 6
115 37
80 13
38 77
56 30
40 111
91 105
76 81
71 92
8 31
29 75
36 75
112 124
68 55
9 23
117 47
120 97
106 30
99 77
91 97
90 19
118 107
20 32
97 5
58 43
71 19
116 64
73 50
96 20
28 57
28 20
120 92
96 106
123 24
25 41
85 55
28 38
38 115
110 67
10 116
32 85
9 7
119 55
96 98
66 1
62 82
36 30
94 17
87 6
86 88
22 27
14 94
41 111
31 5
12 1
100 75
110 31
34 22
102 40
46 17
64 74
122 63
92 89
72 70
122 124
42 84
102 23
20 5
5 37
7 28
25 78
27 116
1 26
108 53
111 115
109 48
84 81
121 37
57 44
35 11
59 102
80 27
112 1
36 107
13 102
100 57
42 31
113 88
4 52
81 17
34 88
17 2
7 102
70 90
13 106
80 54
73 91
113 119
75 24
55 62
111 39
87 24
29 55
113 47
111 74
105 29
77 112
41 20
53 73
68 4
54 61
72 53
84 5
40 125
122 42
37 6
88 110
81 109
11 61
78 5
44 53
124 112
31 105
105 124
52 57
67 42
29 64
15 72
101 67
49 117
18 15
123 20
35 108
120 100
22 25
58 99
124 56
102 5
84 35
67 34
83 12
30 73
67 44
86 96
5 102
40 18
17 77
4 21
56 97
64 36
21 31
38 26
85 33
100 74
51 116
116 75
45 23
73 57
100 66
67 85
100 32
16 123
18 87
16 27
120 17
103 31
91 98
51 23
97 109
46 90
74 52
26 108
93 38
69 17
60 67
101 9
84 43
59 53
52 46
29 2
55 115
33 87
106 90
55 41
113 66
113 7
80 53
76 58
99 41
11 87
110 4
22 45
101 88
48 77
109 22
70 75
71 58
122 125
35 65
44 39
12 94
123 61
124 78
38 4
3 69
107 65
6 21
125 69
29 99
31 25
67 31
96 31
100 1
33 95
18 45
110 53
93 62
41 1
35 121
38 39
104 31
57 96
104 28
21 124
22 85
42 100
22 21
121 98
23 95
122 35
120 60
58 105
10 71
2 48
40 58
34 45
37 5
72 92
67 28
26 49
24 54
22 34
34 91
41 27
8 9
41 29
19 116
83 20
52 62
1 84
3 16
12 26
19 15
94 95
32 62
65 119
22 71
125 90
15 21
60 86
104 71
4 24
44 109
98 95
84 10
33 33
103 17
96 32
55 89
44 105
28 75
65 36
31 109
118 108
80 29
53 71
91 23
61 58
94 76
68 98
84 27
103 76
30 52
78 107
79 74
88 47
64 7
66 73
84 8
112 18
16 93
23 34
97 11
71 97
46 11
22 1
107 18
63 114
26 13
15 40
9 62
124 58
3 71
58 13
107 48
39 106
35 89
43 67
119 119
53 125
88 98
79 82
13 56
93 17
82 12
23 32
115 21
59 104
55 27
44 42
92 1
6 48
101 72
105 60
115 47
101 37
72 41
36 71
48 43
20 79
116 101
18 123
15 88
30 53
110 73
77 93
33 16
109 59
58 77
41 7
75 12
60 5
100 25
8 77
111 58
13 4
121 75
93 36
103 26
100 14
51 123
40 17
71 74
74 27
47 124
3 41
88 108
125 67
40 107
123 32
17 53
95 34
35 105
122 80
34 47
52 1
100 68
56 84
35 2
15 49
120 46
35 61
29 59
44 20
80 45
53 75
96 48
14 84
50 18
81 34
116 100
48 82
14 82
1 45
43 97
16 61
57 123
108 119
114 27
63 17
91 10
37 89
115 32
73 43
25 69
40 19
16 58
111 105
51 38
107 16
27 25
105 72
69 36
22 26
110 68
52 61
93 100
82 19
71 80
48 96
18 49
67 11
47 24
26 36
47 85
18 41
53 60
28 68
78 62
118 112
104 111
109 105
1 21
23 13
123 103
89 8
8 86
70 64
64 116
19 119
3 26
87 93
78 6
2 23
31 98
29 125
65 62
4 103
52 11
106 23
102 28
100 15
107 1
100 26
54 103
62 19
12 122
45 77
110 39
121 21
66 109
113 61
33 21
48 125
11 100
42 25
49 63
102 119
43 49
26 43
44 72
60 13
46 54
119 15
75 17
98 90
124 122
93 3
94 14
53 89
8 123
36 62
114 50
74 59
24 83
83 55
61 43
24 97
69 66
36 81
125 86
123 9
79 49
20 39
36 100
48 117
108 112
6 24
100 92
115 112
62 62
78 53
110 71
53 64
12 108
76 75
12 65
107 101
13 13
100 4
94 82
57 56
48 103
85 21
19 63
3 116
85 87
81 56
1 94
20 84
10 94
121 64
27 51
99 6
33 20
60 40
62 116
119 91
31 30
19 79
4 66
29 7
66 110
22 82
59 117
10 119
110 110
82 121
125 113
32 38
23 67
102 42
3 17
87 60
115 57
2 121
31 41
106 108
88 99
92 87
61 123
64 32
14 118
104 37
124 24
44 103
4 2
75 105
2 50
32 117
106 67
16 84
47 100
51 17
101 35
58 18
94 109
103 107
93 110
79 17
61 117
14 81
125 68
27 66
65 3
40 54
71 103
4 39
91 6
67 57
86 61
72 7
2 118
44 22
21 93
123 21
92 77
70 71
3 55
83 119
40 78
103 93
2 116
117 29
51 27
8 89
88 81
125 46
76 17
106 36
88 125
29 16
95 119
107 54
17 120
84 29
60 60
15 83
92 50
39 80
31 117
65 83
84 93
110 61
32 10
59 54
29 9
32 8
29 95
88 89
115 20
24 123
50 90
67 24
118 74
72 108
4 16
79 78
79 60
34 24
14 14
105 20
105 41
101 42
4 102
105 101
95 17
49 116
86 49
5 3
34 59
50 9
113 51
95 88
118 11
113 30
63 4
104 72
64 11
2 102
41 5
92 24
55 110
12 59
108 55
108 32
28 14
36 16
6 68
60 110
29 67
36 122
51 97
114 2
74 73
69 81
86 33
48 120
39 34
85 115
24 23
32 121
79 53
13 125
88 94
54 83
79 75
73 78
103 110
123 40
22 110
118 103
112 111
123 33
55 100
52 87
91 46
69 24
33 28
92 124
87 22
42 115
41 77
7 65
40 66
68 2
114 88
102 22
67 60
98 41
89 17
77 65
92 21
67 112
119 109
15 19
64 86
70 66
72 24
61 46
112 49
71 104
44 8
120 89
6 23
97 53
3 98
90 15
9 52
84 114
56 124
104 96
85 31
108 111
123 65
29 15
124 75
17 15
117 61
84 19
95 113
59 80
29 46
21 2
124 38
51 49
45 2
120 47
121 68
88 16
64 81
40 70
86 46
33 7
59 18
34 87
35 31
2 92
86 16
35 102
102 76
9 10
38 84
46 93
56 119
119 28
95 28
33 32
51 118
8 39
120 53
71 24
43 44
51 86
21 4
1 55
50 4
109 13
5 96
109 33
75 72
108 36
69 117
18 88
104 34
71 9
120 113
14 26
61 33
66 7
58 89
64 16
73 17
56 88
75 59
51 94
64 79
125 41
67 109
60 112
116 45
21 1
50 79
110 9
17 79
107 61
71 53
1 93
65 38
57 52
61 74
5 109
99 54
71 6
62 124
76 106
13 39
21 70
41 23
79 100
44 36
26 83
101 50
67 86
40 55
93 14
60 29
105 10
120 106
104 105
14 103
98 14
5 59
17 89
58 47
88 39
94 86
113 100
117 31
28 113
26 105
39 59
37 47
3 8
104 79
60 24
45 12
14 20
35 7
117 84
21 54
24 64
3 63
29 80
64 28
42 51
101 70
107 122
109 25
21 57
35 8
65 67
101 99
28 71
59 55
73 27
30 92
125 98
61 67
47 88
24 9
108 93
31 118
45 11
92 51
119 10
87 108
40 14
121 122
111 71
85 44
34 19
116 91
78 61
86 114
123 101
46 74
57 36
99 44
109 19
106 6
16 125
81 90
30 81
39 12
2 1
120 99
122 60
34 2
56 39
26 21
48 97
58 26
115 113
105 125
114 19
75 109
106 123
52 44
32 41
1 73
91 69
95 61
72 114
35 32
77 61
73 99
69 113
54 125
97 76
54 99
83 34
7 85
97 12
57 39
1 91
86 85
94 3
31 89
119 105
5 8
37 123
76 61
26 81
99 80
110 83
77 100
71 120
96 43
87 77
54 106
48 20
18 7
6 22
6 110
48 69
92 19
108 60
125 83
43 40
47 87
71 59
75 29
75 113
45 55
85 65
81 31
50 55
101 93
114 62
53 108
90 122
123 51
95 65
77 43
29 50
120 38
74 21
89 93
14 50
5 114
77 85
73 104
107 14
102 58
69 52
81 63
33 53
91 17
54 64
74 92
98 57
50 110
63 108
11 44
46 55
36 101
27 90
103 111
89 91
115 101
2 122
53 26
104 55
41 6
58 7
89 61
65 104
99 117
47 48
43 42
84 83
117 65
70 7
26 17
22 90
61 85
17 30
6 96
59 19
92 48
84 36
50 68
98 51
119 99
66 125
7 114
107 47
58 68
93 123
3 60
79 92
25 104
37 115
46 26
52 93
28 78
6 70
71 26
7 33
30 4
82 111
80 66
106 70
2 83
73 49
4 33
21 21
35 122
96 114
86 116
19 117
25 107
54 92
28 6
110 25
39 115
109 58
35 74
35 28
35 53
96 18
107 39
62 97
79 95
52 34
72 88
95 13
85 45
48 3
18 55
61 32
18 67
31 75
94 78
55 2
112 3
93 47
85 12
85 51
89 41
3 82
96 93
13 21
93 59
80 91
21 90
2 34
15 1
59 49
103 56
77 28
10 56
93 69
9 106
91 30
76 78
15 64
48 91
64 124
23 31
106 114
19 101
94 30
32 25
104 75
10 11
19 99
45 112
103 29
44 31
90 78
123 116
22 42
95 120
6 35
58 115
62 59
122 74
99 83
8 103
23 113
117 98
26 35
120 64
77 42
54 24
84 22
90 9
125 27
95 116
23 21
20 34
2 18
48 15
74 65
119 56
117 18
77 110
77 86
4 44
83 124
26 16
4 27
28 8
54 86
92 91
1 18
96 92
91 92
113 45
9 123
31 80
116 117
121 12
70 120
4 120
36 46
124 36
95 105
8 119
55 11
76 103
3 39
7 76
114 117
80 5
96 97
57 4
23 35
29 100
45 83
67 13
32 81
16 85
117 119
84 9
19 46
70 14
96 94
1 36
21 28
85 98
68 113
56 55
36 2
109 42
77 122
50 96
18 30
17 94
109 121
52 2
55 81
22 95
59 12
39 54
95 24
85 119
6 3
34 48
108 92
3 97
41 44
42 89
119 30
16 14
14 104
32 21
10 108
15 116
87 68
103 117
43 27
49 89
45 34
27 29
92 9
29 25
54 36
50 10
38 111
74 62
82 98
77 94
75 76
116 84
107 21
19 75
110 13
5 9
1 99
59 23
118 30
73 110
12 101
3 65
63 60
42 15
18 16
32 90
45 103
120 68
106 105
122 16
31 72
107 60
73 84
94 8
68 51
112 76
114 64
37 69
61 115
1 48
99 52
74 75
35 69
29 86
65 70
15 34
70 121
117 123
62 117
109 43
24 40
97 101
38 45
8 113
34 72
11 38
87 52
46 8
14 13
113 40
10 52
13 123
11 21
57 31
21 109
73 31
68 19
89 106
85 125
78 22
45 6
36 36
37 40
71 21
125 94
110 46
104 7
79 48
58 86
25 73
115 38
10 109
36 105
23 76
119 93
15 5
10 79
61 16
104 5
61 56
61 17
16 67
123 86
125 121
76 104
30 117
47 115
120 91
10 114
80 1
82 21
29 110
100 115
19 53
72 21
52 80
74 71
57 51
53 9
87 116
115 114
42 33
96 8
4 7
105 35
113 117
92 122
122 93
43 90
42 1
67 96
7 95
110 26
81 101
76 69
96 82
51 71
17 108
110 38
112 85
80 117
82 71
98 104
19 95
1 32
119 21
8 10
62 110
62 84
18 64
21 40
58 57
28 41
33 17
46 71
29 12
14 123
101 124
124 63
114 26
31 47
32 31
99 33
47 111
93 41
73 101
25 25
81 30
28 106
42 45
70 123
54 29
91 86
52 53
42 113
62 78
88 7
45 29
17 76
47 20
77 48
31 124
107 72
65 27
77 9
99 118
33 48
29 44
78 73
90 38
45 61
24 20
92 53
36 12
111 6
43 114
44 95
104 66
2 88
49 29
16 78
9 36
80 72
51 80
28 59
41 124
90 97
105 79
62 16
80 120
117 111
72 66
67 27
41 75
28 74
70 110
56 66
21 59
36 44
8 28
15 30
1 20
40 29
7 110
40 103
47 76
118 102
75 40
31 46
114 97
116 95
98 122
101 2
107 51
62 123
34 61
97 22
121 57
49 22
44 34
44 97
18 38
83 22
38 85
122 97
49 86
81 10
55 105
118 87
42 66
76 13
109 5
32 72
93 51
42 49
122 32
123 45
46 91
1 37
69 42
1 114
62 95
94 46
7 21
52 76
6 73
64 112
40 44
1 31
65 97
9 32
101 10
11 58
51 84
88 70
114 36
25 53
14 46
5 35
5 92
1 39
2 98
72 116
45 47
14 15
84 18
50 89
23 100
79 123
97 31
13 55
98 39
37 119
102 6
82 113
83 120
86 20
92 6
93 102
57 98
32 97
52 85
89 108
112 86
10 47
69 60
93 104
5 13
15 42
57 8
58 102
23 122
8 1
28 67
56 54
16 22
55 118
98 56
11 104
4 42
57 2
56 9
87 57
121 102
121 117
104 123
98 74
120 90
82 22
17 4
117 109
122 89
31 39
96 7
107 26
98 75
17 65
43 88
114 57
52 7
44 12
60 50
62 42
119 75
73 68
124 98
97 71
37 110
93 50
37 30
61 28
87 67
42 3
70 55
39 30
95 14
61 104
50 22
85 91
1 34
99 27
43 82
93 72
54 78
76 122
53 106
82 100
23 54
62 40
53 30
115 36
23 47
13 59
18 107
92 47
100 81
103 91
120 105
8 71
70 26
113 82
22 3
3 48
33 2
39 73
93 4
33 37
48 8
7 52
27 58
58 55
55 12
65 115
66 39
60 114
14 117
25 123
9 94
28 19
108 14
49 40
94 106
60 107
27 92
32 1
15 78
86 107
26 29
2 119
122 87
49 94
59 86
42 77
117 1
107 76
19 30
39 85
63 13
43 99
83 100
63 118
20 72
74 26
49 120
89 26
47 112
52 66
111 101
59 116
70 96
58 33
117 23
90 33
36 111
48 111
111 4
52 43
91 83
6 61
72 49
115 56
94 125
47 27
65 13
7 23
46 92
119 77
118 101
48 121
51 68
59 38
97 111
26 70
105 83
95 43
122 23
58 27
86 57
9 38
31 29
78 110
52 123
1 101
119 22
118 119
1 71
104 42
65 110
4 111
15 79
9 116
43 54
96 119
90 101
48 123
57 35
3 37
89 77
63 36
83 116
104 77
98 77
3 62
113 33
115 24
46 47
118 23
28 69
37 20
124 21
25 51
20 58
12 56
113 1
99 2
14 100
108 39
54 49
73 62
106 113
23 63
29 45
13 12
28 2
92 60
72 46
51 56
57 59
96 124
56 12
15 97
122 39
63 1
10 37
24 118
16 118
98 108
12 10
103 4
3 76
54 102
76 49
86 1
34 31
119 74
32 86
32 105
111 88
85 70
28 22
85 92
5 50
34 66
87 41
1 63
9 33
96 101
85 110
72 98
72 9
100 123
41 33
97 54
88 123
106 78
113 94
97 16
32 6
32 70
19 78
115 122
70 125
69 65
79 40
15 86
89 65
4 107
46 48
81 24
2 10
80 30
1 90
99 62
26 3
85 52
32 60
32 46
113 14
12 106
26 80
22 44
94 71
12 47
72 54
48 66
47 82
80 83
21 3
39 17
46 68
82 28
71 33
4 14
29 18
117 13
12 80
117 106
51 65
120 116
86 52
79 31
67 18
79 3
122 85
120 94
93 66
14 79
105 67
123 97
53 19
124 97
71 91
115 41
95 60
48 110
47 1
90 107
107 34
50 56
84 52
36 58
123 69
83 32
109 88
67 50
55 124
6 67
69 101
40 101
22 29
28 111
14 105
79 81
6 50
103 124
72 58
84 62
83 84
75 60
106 42
30 120
94 29
84 107
51 62
5 65
56 106
116 121
40 63
49 91
24 3
89 74
28 16
91 72
10 36
61 22
15 99
64 30
57 102
10 12
78 89
65 87
64 65
53 96
8 97
91 77
109 49
81 28
43 2
12 28
112 40
34 43
66 43
83 99
100 59
71 57
115 73
37 50
100 6
73 13
37 103
69 19
11 119
31 87
75 58
34 16
110 89
27 120
35 35
103 50
16 4
6 71
125 36
54 118
117 121
37 120
101 59
60 41
30 75
66 60
11 123
111 57
118 31
101 68
12 75
107 50
98 1
39 82
118 91
78 32
46 100
70 36
88 63
103 58
94 102
16 120
30 34
102 25
56 81
65 75
84 71
86 106
41 87
65 29
6 19
105 110
58 45
84 105
36 39
99 11
5 70
26 30
7 100
23 42
119 40
58 98
20 53
93 8
82 68
51 93
82 34
17 25
35 64
10 70
64 53
58 15
36 116
64 120
122 12
31 63
82 15
111 117
39 92
21 15
93 83
25 119
117 73
42 42
42 59
32 50
72 2
73 80
97 102
66 105
43 59
12 60
81 43
36 24
1 54
56 47
24 102
82 64
45 25
11 80
79 114
111 16
43 58
122 70
88 121
25 22
22 88
113 41
95 47
116 41
43 53
103 28
78 71
23 99
58 22
61 8
100 31
45 35
85 121
33 114
109 16
83 56
78 69
25 38
41 83
3 36
88 78
49 92
48 76
86 67
120 33
95 89
23 119
57 111
121 56
116 88
110 64
16 103
125 114
60 34
7 87
46 121
76 105
74 36
79 93
12 81
98 49
85 108
29 76
70 33
66 51
29 17
71 71
78 20
51 106
44 50
90 125
109 9
38 22
37 13
21 114
65 8
5 91
20 122
11 112
120 122
7 111
45 98
108 69
40 102
72 110
2 70
35 3
14 35
32 7
72 113
10 20
56 1
85 38
42 79
89 3
107 13
52 51
106 101
42 18
5 48
45 32
43 48
84 55
5 29
48 30
23 11
8 23
64 111
71 3
100 96
70 22
31 26
15 89
38 55
112 58
33 64
24 50
23 20
90 91
66 66
27 10
92 75
20 76
1 60
40 1
116 24
114 48
108 11
83 64
77 52
68 82
70 74
57 29
51 99
74 74
30 89
94 58
93 89
115 23
118 16
12 21
113 31
16 80
37 37
68 23
26 27
8 73
89 88
38 123
62 6
120 75
80 49
17 43
110 124
94 50
116 36
85 88
124 81
90 55
122 65
82 49
79 91
50 44
44 94
17 62
2 71
57 100
66 77
114 92
64 125
39 70
21 108
44 61
7 1
76 94
95 125
118 18
93 45
64 87
96 57
53 91
56 13
28 46
113 17
5 19
15 36
67 91
123 111
104 112
108 46
61 13
113 114
33 116
81 114
20 2
82 72
16 72
54 28
25 3
30 23
120 4
3 14
112 73
80 44
17 87
35 86
97 32
60 1
81 55
97 20
103 114
58 95
8 19
94 66
89 19
56 56
76 95
75 83
38 81
98 25
92 115
42 75
81 2
79 111
86 71
106 45
28 54
30 57
115 45
81 80
114 49
35 112
119 83
78 83
53 29
51 88
80 98
84 109
68 89
2 6
26 111
27 104
24 93
109 62
49 46
21 29
87 27
50 29
85 34
118 100
21 86
95 123
24 89
62 66
47 43
3 58
44 77
54 18
118 61
73 66
25 8
6 20
92 7
106 119
70 37
102 7
79 36
95 100
88 13
60 72
74 9
27 75
12 53
49 107
63 31
65 66
63 86
63 65
34 92
84 63
82 116
114 91
65 88
58 69
24 4
122 40
73 24
83 73
69 5
100 103
111 66
106 16
2 29
113 90
99 60
53 14
81 81
60 88
91 119
125 66
73 61
100 47
59 91
30 104
107 118
88 122
29 51
80 73
13 16
59 64
1 6
77 4
16 7
109 124
45 33
124 117
124 119
78 81
33 24
79 120
72 6
34 112
83 83
61 29
72 5
4 104
12 39
120 31
28 55
41 31
83 95
37 38
8 59
93 58
4 37
17 44
20 90
36 52
98 16
15 110
95 6
114 101
88 124
111 24
68 12
125 31
20 93
68 86
43 102
93 37
48 39
11 60
103 39
45 111
124 100
66 111
76 63
82 55
75 36
65 68
56 108
33 47
38 2
18 99
73 79
36 123
125 118
43 115
6 103
50 50
50 76
94 55
55 108
33 30
105 8
102 82
23 86
86 41
51 42
23 4
33 71
10 6
3 43
63 107
71 10
20 29
32 64
43 100
40 76
27 71
32 116
48 28
97 66
79 85
43 87
10 123
80 79
11 54
90 29
61 19
1 77
116 9
81 64
98 7
50 62
86 12
77 118
37 58
9 50
45 43
22 69
89 69
102 96
100 110
94 115
122 8
58 117
111 61
75 108
108 125
112 102
109 73
39 66
26 74
16 79
50 121
73 86
29 62
29 11
17 83
66 50
67 105
113 123
7 71
72 39
24 8
33 26
19 84
40 73
99 26
43 75
37 98
109 69
50 47
100 120
108 121
33 34
111 30
100 95
28 70
89 46
59 101
68 7
121 86
104 85
57 21
19 69
74 42
27 4
23 65
92 113
119 123
76 123
76 43
68 20
100 3
68 97
119 25
83 117
41 90
19 4
23 101
18 109
122 104
51 122
98 28
91 125
94 99
22 63
122 102
75 115
80 25
19 45
9 45
9 46
85 53
124 8
53 83
5 27
94 10
10 73
87 84
24 98
73 117
93 6
56 99
47 105
101 29
92 74
94 61
63 6
1 15
41 13
43 41
5 107
