125
125
62 73
99 78
44 43
63 5
115 66
3 74
12 4
58 91
71 71
44 59
72 45
16 62
115 7
83 21
45 98
68 86
57 22
20 80
113 58
44 95
118 16
2 14
20 52
24 102
54 59
8 77
52 61
70 98
84 111
118 106
109 50
55 40
120 71
94 112
19 75
70 119
80 71
25 24
72 23
75 37
2 97
47 57
57 97
5 115
117 37
34 40
92 82
100 20
47 118
112 19
46 75
39 20
52 62
92 113
122 65
16 94
96 97
78 84
35 41
30 96
16 44
18 18
7 69
98 124
39 26
90 11
119 17
122 53
89 15
94 49
118 95
83 44
113 118
116 19
47 117
55 68
89 61
37 119
79 26
20 70
14 44
1 47
54 49
1 35
16 111
107 54
81 36
84 37
15 24
34 113
103 63
10 60
30 60
31 55
89 95
108 18
42 23
10 118
77 50
72 51
79 45
14 83
108 22
110 51
99 77
90 61
34 107
10 104
86 12
13 27
27 93
90 65
48 26
69 85
87 66
3 54
96 5
30 75
9 121
22 9
60 33
83 37
11 41
92 33
96 64
52 111
44 81
26 83
121 92
75 55
23 94
48 82
54 89
46 25
72 69
3 92
31 100
97 75
125 5
86 87
106 92
81 3
7 93
32 6
92 19
5 33
53 40
19 104
111 81
71 81
51 9
64 74
70 67
93 120
98 84
111 62
10 68
115 8
39 61
93 48
117 90
67 84
4 112
31 108
38 80
18 44
36 8
26 125
121 91
29 75
31 39
63 30
74 86
104 43
100 9
38 44
110 41
4 78
18 36
87 50
77 23
119 3
62 9
7 104
20 61
112 21
102 110
91 69
86 41
1 59
75 7
20 79
81 82
89 81
39 70
73 33
1 93
48 114
102 43
91 32
58 88
81 2
104 15
29 121
72 108
106 95
119 95
62 109
23 44
23 57
71 57
108 75
46 85
115 12
3 14
56 23
72 77
66 49
3 31
20 73
113 72
78 69
83 17
71 27
35 69
18 86
69 59
59 6
1 102
17 86
47 84
88 53
5 28
27 52
93 89
16 121
119 105
75 111
94 18
66 65
114 64
59 89
19 7
56 24
103 51
25 51
43 12
34 30
81 48
45 121
16 92
8 26
23 88
55 46
6 1
22 32
38 46
14 22
88 41
103 47
66 96
49 87
81 21
115 57
59 44
21 18
93 18
23 16
76 61
50 82
78 75
5 75
75 103
24 107
92 59
123 110
44 27
79 56
2 80
18 81
96 32
48 58
36 65
72 96
105 77
9 103
33 47
84 32
84 104
100 115
46 59
33 55
121 58
52 42
112 101
5 57
124 67
16 76
31 51
40 78
28 76
28 35
48 31
17 26
102 89
121 1
111 115
30 73
55 11
100 119
62 21
125 17
58 21
90 64
41 116
96 71
41 33
112 112
82 117
85 98
82 109
56 18
110 94
37 91
40 120
16 21
96 68
12 114
28 42
116 61
93 47
123 64
47 39
74 42
52 63
56 75
106 63
9 104
72 94
86 49
43 70
49 31
72 65
30 79
16 6
42 92
120 4
92 51
119 106
36 17
70 43
63 44
69 88
111 21
67 112
71 1
115 42
84 115
68 5
16 24
28 40
31 70
57 106
118 30
95 16
55 33
42 11
86 34
32 24
2 109
41 66
54 78
121 59
99 41
61 33
59 31
75 108
86 118
54 101
58 108
125 98
10 19
3 75
27 35
15 56
58 14
61 36
17 58
16 57
8 25
68 49
107 90
66 72
27 84
87 88
39 17
44 39
98 119
39 28
49 28
81 81
91 122
95 14
74 75
7 38
44 86
10 88
65 11
50 79
86 52
81 18
62 16
66 95
31 46
2 108
85 39
2 107
25 97
48 86
52 75
100 31
13 112
115 105
35 124
48 39
2 121
65 104
103 118
80 1
17 32
109 60
108 71
22 93
78 92
15 116
104 57
92 57
88 73
26 121
95 64
51 63
80 16
32 17
64 11
39 31
44 111
72 116
68 108
46 36
52 9
25 83
118 9
1 36
78 44
57 72
87 79
125 18
1 100
23 53
112 125
109 95
39 67
30 105
55 120
8 122
45 60
73 17
25 94
56 115
65 90
54 79
118 105
27 17
23 109
79 119
83 123
119 24
19 121
75 71
66 117
57 100
85 7
106 44
26 104
111 11
85 91
117 122
118 107
116 35
59 86
63 66
107 14
12 8
9 118
3 112
26 79
86 6
46 82
70 2
20 47
23 29
84 44
88 6
23 107
3 36
98 18
117 59
34 69
13 17
11 19
110 63
13 50
69 107
109 56
16 18
94 72
73 118
96 37
23 51
42 30
2 68
81 101
95 59
82 66
54 113
41 108
117 63
85 5
120 118
3 60
4 116
1 78
41 61
14 39
15 115
92 15
18 67
67 113
57 64
16 27
36 81
114 11
52 24
41 88
125 51
97 40
77 18
52 35
69 64
89 33
42 20
82 11
107 85
34 57
58 107
11 86
37 36
93 94
123 75
111 113
40 58
55 35
82 110
107 65
83 118
61 43
65 98
116 62
82 99
93 4
6 115
89 123
72 27
108 119
92 50
44 56
5 14
84 45
112 98
21 74
8 75
20 101
100 120
42 2
56 65
46 62
106 73
71 123
81 9
46 14
113 108
82 26
10 18
104 84
32 63
48 97
17 121
38 25
80 52
24 24
14 5
16 26
118 44
77 97
110 79
72 112
41 106
117 3
45 75
109 100
16 47
123 111
120 113
11 81
91 124
28 32
18 83
97 17
6 51
121 10
62 1
30 122
82 67
50 122
90 116
100 35
58 40
70 36
11 89
57 70
36 11
120 110
86 28
118 84
40 23
76 112
66 71
70 74
120 79
103 123
62 56
27 89
45 101
10 115
34 98
59 117
8 9
10 2
125 81
74 85
64 2
70 1
73 88
91 96
109 42
103 97
6 121
64 118
86 77
53 56
99 25
118 19
10 59
21 63
64 14
97 37
91 68
118 5
23 84
36 54
105 90
79 53
20 22
58 60
101 82
90 32
3 88
21 8
120 66
7 71
55 25
123 99
124 14
96 103
11 77
21 56
117 30
93 79
125 87
95 57
101 12
70 54
17 94
22 8
93 103
98 7
107 109
98 37
34 96
52 46
111 125
109 98
104 24
13 68
18 77
117 49
109 108
14 58
94 50
114 3
28 66
120 1
99 75
16 25
63 16
92 104
27 102
25 100
35 74
107 116
115 118
91 101
7 29
70 91
49 119
39 41
91 24
99 3
94 70
82 19
83 29
116 38
36 61
36 74
106 15
43 14
66 53
101 51
28 44
76 120
124 37
56 33
87 40
1 32
90 88
21 79
118 108
69 35
115 19
11 123
124 16
115 56
56 118
31 88
35 85
2 8
23 97
99 81
31 103
62 98
105 120
107 125
71 13
43 4
124 41
124 79
43 38
57 125
28 84
59 54
67 5
116 41
101 76
119 54
37 17
21 19
98 35
111 25
15 99
37 114
1 30
92 64
62 2
40 56
43 23
118 12
39 3
68 60
43 101
39 81
60 54
75 48
79 6
62 43
100 13
2 59
75 38
6 20
42 88
7 41
78 32
41 125
1 111
82 102
50 4
11 14
57 60
107 107
2 96
44 121
41 14
75 21
105 55
78 48
70 85
5 48
32 82
51 32
70 38
102 26
25 72
60 99
72 32
118 82
74 45
42 9
77 117
108 61
38 77
33 16
64 83
1 114
31 104
92 37
14 119
94 77
119 123
85 58
63 39
39 11
21 12
50 72
45 67
111 96
100 116
41 74
83 115
18 80
90 122
83 124
110 115
105 123
80 102
10 39
14 28
102 114
68 39
21 67
38 112
63 40
21 17
86 60
63 106
13 42
88 10
115 89
45 34
86 68
121 69
120 46
56 9
56 104
25 117
108 52
5 5
125 107
29 12
85 82
37 11
96 7
125 52
81 42
94 8
124 42
35 15
111 5
95 75
66 56
69 45
64 27
8 69
19 96
101 88
71 50
12 122
54 13
90 125
2 11
10 48
55 44
69 1
20 53
103 92
86 106
105 16
32 40
93 61
18 1
21 23
13 69
70 44
113 10
119 33
27 20
70 46
81 91
66 73
76 102
125 45
124 35
44 45
63 94
49 98
34 41
84 122
123 115
6 99
110 57
57 108
84 81
65 26
44 34
33 107
111 3
4 27
60 98
104 121
26 107
42 25
61 102
112 52
98 33
67 64
125 2
43 82
122 96
60 44
2 30
34 62
89 32
47 91
26 24
7 60
76 65
64 47
63 24
37 47
67 69
63 29
6 39
28 60
53 47
1 120
113 46
94 22
40 107
122 60
16 78
98 73
122 12
113 123
10 16
85 22
40 96
31 40
23 11
2 25
68 96
116 69
98 61
82 113
87 107
94 61
54 21
102 73
84 123
12 92
40 63
123 65
14 31
36 118
115 47
8 66
78 109
73 108
97 61
53 93
41 76
61 41
45 15
35 65
24 56
118 42
40 1
39 13
19 4
65 35
86 111
109 71
40 13
12 95
33 93
37 88
88 14
113 5
86 107
108 124
12 87
99 88
24 112
121 51
69 122
83 88
111 70
51 56
123 44
17 88
97 93
67 11
98 28
123 79
9 7
9 30
13 74
2 92
111 101
50 10
84 70
110 36
82 91
66 87
24 81
45 59
58 122
81 72
54 33
62 6
43 100
109 12
3 42
28 3
118 71
125 14
70 60
95 78
52 43
10 43
70 11
23 81
15 72
5 103
20 11
27 63
38 56
46 34
62 110
24 11
22 84
91 44
105 38
104 90
125 19
89 12
38 95
45 122
115 69
77 75
5 79
114 93
123 90
125 91
97 83
68 12
113 93
32 91
55 82
60 16
23 124
26 17
49 80
35 45
104 59
30 110
112 113
75 83
101 3
99 50
96 13
6 50
119 66
64 101
95 101
3 113
50 19
43 55
33 113
61 14
74 52
8 76
70 76
96 2
39 71
63 62
16 91
25 81
55 99
68 44
62 88
14 106
98 122
81 111
92 5
21 55
110 102
71 34
41 89
47 37
65 25
8 56
50 99
53 117
75 74
66 113
15 63
46 110
34 26
103 54
104 13
26 109
21 73
80 109
91 102
19 22
76 6
45 23
4 118
39 23
38 69
19 5
106 43
74 6
105 118
80 4
26 85
6 2
9 75
34 16
105 3
124 58
46 38
113 20
81 62
7 7
102 51
24 106
71 31
39 6
28 75
101 11
109 4
117 79
63 46
63 67
15 125
74 91
9 52
97 25
29 46
2 49
76 114
119 74
45 103
91 10
4 88
107 17
119 100
15 15
95 81
73 18
115 102
93 96
90 47
111 26
90 97
76 46
42 79
57 103
13 54
23 49
115 122
31 67
34 89
64 109
87 21
114 82
114 14
37 60
85 112
84 89
60 86
44 3
24 115
80 96
52 74
104 63
36 29
16 37
7 84
40 24
92 118
5 93
46 27
82 107
47 73
101 5
15 23
104 30
80 31
78 119
19 63
110 86
9 8
58 112
17 46
34 6
89 52
91 110
50 75
19 50
29 81
27 22
62 124
70 55
114 70
60 18
124 61
114 6
47 67
62 27
86 37
2 50
33 32
41 48
4 98
92 66
10 84
107 91
10 45
37 3
28 29
10 62
12 34
120 88
50 55
99 9
99 73
19 67
19 120
123 14
115 123
116 14
2 61
1 124
76 4
3 83
62 18
110 50
92 116
45 56
64 21
62 72
77 55
33 94
15 122
38 111
41 87
34 68
62 36
53 30
122 61
65 93
3 91
33 9
15 4
11 82
57 65
53 113
70 112
43 69
85 115
6 42
58 31
67 92
31 27
64 6
29 105
51 95
112 28
75 67
78 110
102 107
70 10
10 80
25 22
112 102
111 116
80 17
17 17
110 29
1 56
102 60
25 88
75 31
29 40
40 39
35 52
2 98
85 113
72 31
53 39
63 32
11 43
124 11
50 54
23 48
97 44
49 102
104 18
104 38
102 109
88 48
60 41
20 7
27 96
56 47
47 96
14 84
98 97
26 100
31 66
91 113
70 77
22 34
96 55
42 86
85 49
115 9
15 101
21 75
31 11
90 52
109 24
76 91
104 123
103 14
6 89
30 2
32 36
123 70
90 3
22 108
53 20
125 32
16 101
114 124
95 71
43 51
69 81
36 14
73 36
7 106
28 101
78 67
112 68
54 61
64 99
89 112
109 7
66 21
63 71
28 108
104 32
67 83
56 1
30 77
109 25
31 92
107 31
118 89
51 70
14 49
36 30
38 52
57 59
107 103
59 114
63 59
4 18
33 84
30 47
5 89
66 107
51 20
116 52
18 50
65 49
56 49
41 19
34 94
95 104
54 58
61 40
4 35
41 39
90 54
15 41
104 41
8 108
118 53
39 54
2 111
70 104
80 63
33 74
17 97
56 120
69 34
102 17
66 15
100 39
43 108
123 29
29 88
60 53
44 42
54 109
80 57
48 115
11 32
12 113
4 66
102 120
44 52
5 15
34 13
15 84
34 78
8 19
55 10
21 64
16 107
75 100
79 23
3 120
97 47
38 105
60 81
57 11
34 2
46 107
37 24
21 22
77 31
18 15
39 83
23 71
9 42
99 63
88 8
6 36
91 115
61 16
75 112
29 108
75 107
72 121
94 90
10 125
67 12
14 94
52 22
1 2
35 61
24 50
39 108
100 54
118 85
113 90
117 64
89 13
25 63
27 23
46 98
55 79
2 105
117 72
40 42
120 83
119 104
94 23
64 59
55 88
77 26
89 88
60 94
35 103
57 3
107 105
19 111
52 30
69 21
5 25
28 28
75 125
79 47
11 124
56 37
4 48
21 122
120 54
30 85
49 74
121 72
98 114
33 59
74 49
96 30
22 56
110 92
77 81
112 115
119 30
100 71
17 30
18 96
98 76
108 95
8 97
45 95
92 109
96 19
66 2
65 111
117 23
116 110
14 69
91 97
11 115
124 32
29 57
35 28
19 36
28 54
114 39
69 96
51 21
34 119
102 68
18 32
35 66
100 60
29 98
60 11
68 73
113 103
40 104
39 19
3 57
12 43
8 90
8 42
20 78
64 40
102 31
104 11
53 87
53 124
7 74
18 123
115 35
45 73
105 30
96 98
34 58
54 98
103 86
59 84
63 88
63 20
98 34
21 98
90 41
28 36
56 112
2 20
42 48
24 113
43 35
52 1
105 61
41 63
64 85
44 48
34 10
23 43
77 6
8 40
122 74
67 55
14 67
78 95
81 69
86 91
44 16
119 6
63 99
22 78
100 122
41 117
76 124
72 74
68 4
104 91
12 52
22 98
105 5
94 37
118 43
106 123
108 46
96 33
70 42
56 111
112 43
116 78
74 124
91 19
72 10
29 10
112 93
79 93
26 80
111 18
28 122
119 75
106 49
51 27
77 64
35 104
73 62
73 9
16 115
72 124
60 71
66 23
68 101
31 68
57 84
64 58
84 56
102 116
47 18
24 20
6 43
104 87
110 20
22 24
111 51
90 77
92 120
118 56
85 83
89 54
14 40
33 44
36 38
123 76
109 32
36 13
17 13
52 84
61 12
70 48
81 96
15 119
9 101
18 43
32 116
121 75
34 45
3 5
84 18
87 104
33 91
67 31
84 53
91 2
71 14
38 119
98 111
30 123
66 58
38 116
72 52
64 70
99 82
54 70
13 21
40 28
3 15
22 33
81 26
70 32
39 69
117 12
107 97
71 89
87 124
68 85
84 114
22 38
18 63
10 49
32 97
124 19
119 61
61 89
9 39
68 36
42 73
27 124
122 26
100 100
66 37
49 73
29 49
112 32
31 101
53 100
86 11
49 22
66 51
7 42
81 93
47 1
100 32
34 11
121 68
44 7
106 10
62 85
4 5
57 39
75 89
11 22
69 99
42 91
21 68
65 63
42 59
53 24
13 48
56 95
79 44
104 61
35 101
40 100
35 79
35 6
44 100
71 109
99 119
20 112
43 66
80 11
90 14
48 74
89 16
14 87
10 29
119 115
99 90
58 67
30 26
19 79
74 106
97 14
63 72
49 42
55 84
49 38
1 74
110 54
58 102
91 11
58 30
89 79
80 74
89 25
107 118
47 108
54 5
59 10
58 26
97 95
111 48
19 40
59 25
124 21
33 42
107 15
112 90
29 118
98 56
25 35
33 23
96 15
54 26
79 43
7 5
4 94
64 69
30 70
26 63
51 69
19 101
96 109
4 49
77 121
108 78
48 105
82 13
19 80
42 12
111 4
30 65
73 6
105 92
29 28
67 10
121 53
86 100
28 9
119 55
55 9
123 40
113 117
72 123
79 87
65 15
103 40
42 94
112 31
125 9
22 96
64 102
26 86
49 71
92 95
97 38
74 48
52 23
93 95
69 61
46 17
18 28
84 99
18 71
98 94
123 10
98 13
43 96
46 30
15 9
90 24
77 14
94 86
25 73
114 36
104 27
75 91
49 123
88 29
105 72
44 106
124 45
15 13
85 75
108 19
66 32
25 53
22 86
10 27
116 120
50 70
119 36
39 43
115 95
57 77
72 87
32 122
125 68
33 104
74 121
28 119
70 90
69 110
56 39
3 38
97 30
68 22
112 61
121 111
9 110
65 71
89 6
106 31
5 26
53 63
122 17
75 33
50 81
84 41
53 49
107 53
42 49
38 85
121 38
80 82
97 80
63 19
54 111
6 95
90 2
27 91
38 109
24 60
111 69
32 86
70 88
24 90
86 95
46 55
115 108
58 73
92 68
56 51
28 94
59 43
114 104
91 120
91 63
56 46
9 97
114 113
76 106
60 46
88 32
111 44
64 90
23 80
110 16
86 101
61 69
42 64
15 111
9 74
108 74
20 85
113 52
80 83
3 68
36 92
54 18
88 110
40 5
114 105
56 61
80 117
94 89
83 31
104 8
18 30
68 84
28 111
90 105
30 21
38 2
122 77
48 15
49 3
92 28
95 44
80 22
103 2
32 118
31 83
8 87
38 6
29 33
122 116
91 117
37 44
20 122
115 78
105 125
4 53
96 20
75 30
121 45
99 98
13 33
28 51
29 32
114 96
82 124
13 80
51 111
92 9
92 91
47 95
61 61
123 39
4 91
70 15
104 118
125 80
17 45
93 100
49 53
109 63
21 93
69 42
6 90
36 23
24 93
23 38
108 107
18 55
97 90
85 8
98 44
63 49
51 103
111 8
54 119
27 49
124 122
99 122
116 100
32 26
69 75
16 86
104 94
42 111
5 99
41 24
3 107
118 101
35 80
27 68
40 89
30 72
5 39
99 104
72 16
33 12
21 25
108 102
107 1
94 88
42 114
5 12
101 18
77 53
108 60
99 57
51 115
85 117
10 98
114 9
21 14
57 83
86 98
116 117
31 6
84 47
2 113
26 38
124 92
38 22
88 70
51 59
78 11
117 20
125 3
98 20
48 124
99 40
28 5
78 19
21 20
30 22
36 83
114 91
19 100
71 93
7 99
20 38
69 48
110 10
103 60
63 63
123 49
40 73
39 62
63 73
90 99
78 71
88 4
8 30
58 61
92 38
13 2
2 120
83 78
23 78
99 38
99 35
45 112
28 103
55 87
35 18
70 116
124 44
63 10
103 103
23 34
4 52
105 26
23 64
3 44
72 53
46 2
100 118
28 24
99 52
116 88
27 88
38 78
11 15
27 66
6 118
100 108
80 30
40 36
114 15
32 90
52 19
40 4
89 48
124 10
20 106
67 122
64 32
77 74
63 52
117 81
91 116
10 66
60 5
86 45
59 72
3 72
47 6
22 42
20 12
28 7
13 77
73 39
75 109
94 52
68 95
57 117
124 36
57 13
1 10
59 90
102 111
71 84
63 91
74 109
75 87
18 92
56 19
62 45
73 87
35 91
107 83
78 31
41 99
5 111
78 90
111 55
12 55
57 6
125 11
41 67
111 40
12 54
86 122
73 109
12 67
71 18
122 83
93 46
37 55
99 112
38 10
84 57
50 22
102 65
60 57
87 80
89 19
116 80
31 75
89 27
72 72
71 92
71 102
92 103
96 76
52 3
7 121
50 31
63 117
13 55
62 70
58 15
51 14
56 102
70 103
81 1
4 73
63 123
72 119
114 84
59 71
115 30
38 41
15 110
78 45
76 62
83 3
107 42
72 22
46 52
31 116
50 115
96 3
107 67
67 22
6 31
8 118
29 2
19 29
96 63
50 120
65 22
88 60
79 78
33 61
124 40
79 29
122 49
19 6
3 115
83 41
22 20
120 33
119 42
94 73
23 66
54 124
39 29
93 82
95 94
72 5
93 51
27 40
18 111
103 45
82 108
120 81
94 115
57 40
15 8
118 77
110 32
120 20
14 73
8 94
21 78
20 23
116 90
112 2
120 60
31 38
14 42
94 87
2 19
111 56
101 28
109 6
68 99
67 34
15 103
74 64
30 76
79 2
119 81
104 81
8 93
38 5
45 13
81 79
98 117
70 25
122 118
110 114
73 75
38 93
25 90
68 18
71 124
97 43
38 68
12 30
110 22
107 79
79 75
109 114
88 36
61 54
105 9
116 97
103 52
87 9
104 111
83 92
41 118
67 46
57 55
48 85
49 19
69 24
64 107
81 102
106 8
29 69
29 124
15 16
31 4
57 111
8 88
62 113
118 49
3 46
89 102
107 117
50 3
34 61
20 1
45 39
24 65
65 105
48 61
17 53
23 10
55 72
13 95
75 60
44 31
56 4
44 18
91 99
117 93
109 123
36 111
115 86
90 49
93 101
117 83
104 65
12 86
93 99
117 66
5 23
44 125
6 22
56 91
74 77
21 92
23 93
77 5
90 75
37 53
65 106
81 92
26 39
106 67
18 88
95 36
85 90
10 85
106 18
11 16
9 5
34 42
113 82
112 66
102 75
89 120
66 24
55 102
110 89
120 47
48 120
93 52
71 16
35 93
20 43
93 23
39 97
42 120
12 36
90 79
47 25
71 54
15 107
91 70
15 78
10 35
51 44
85 14
8 125
22 59
121 26
9 12
73 69
92 98
38 67
46 21
66 118
60 24
20 8
113 38
92 11
85 72
107 47
109 78
18 4
99 84
2 69
7 118
12 50
95 86
32 85
65 13
67 96
64 12
124 73
113 92
107 120
50 98
24 89
87 67
39 114
6 74
22 90
95 15
13 12
59 68
90 91
55 94
31 95
121 25
41 114
48 53
102 124
1 107
77 34
100 79
61 92
37 29
33 45
123 47
6 59
84 93
43 104
111 85
111 119
4 108
27 48
16 106
38 124
19 97
42 34
100 86
72 109
76 64
40 17
83 67
87 81
48 21
95 13
60 51
18 39
89 99
11 110
37 45
77 15
118 109
92 105
103 62
99 89
89 65
10 73
111 94
122 4
93 60
4 32
33 22
82 88
118 79
92 29
9 17
2 104
25 41
1 40
65 30
49 12
49 18
2 89
95 65
70 28
92 90
103 30
17 81
107 95
52 85
2 41
81 23
92 78
57 42
13 26
67 21
114 43
87 30
101 96
105 83
119 77
73 53
118 32
28 11
7 117
56 109
95 96
119 93
22 6
9 20
71 125
83 108
14 114
86 13
51 53
11 25
25 121
31 87
68 11
70 124
58 87
90 111
122 50
72 62
80 25
45 104
113 76
11 26
109 88
82 79
24 43
56 59
117 7
95 118
19 57
120 36
51 82
73 104
108 11
88 68
94 9
73 93
79 112
94 106
99 62
3 22
31 65
35 11
97 115
59 13
19 95
78 78
47 14
64 97
10 82
54 68
16 33
65 12
35 63
90 62
63 97
66 74
43 30
82 83
17 44
7 65
34 112
6 10
110 69
23 21
87 64
48 68
7 88
94 119
41 102
65 110
67 117
36 75
88 57
65 91
60 15
59 125
55 122
12 85
1 116
67 120
102 22
21 76
69 76
26 124
22 88
63 86
109 113
79 79
111 91
100 61
107 84
27 29
60 30
6 125
21 35
117 100
117 73
53 98
84 86
116 13
36 110
76 109
48 76
54 112
113 105
23 86
45 41
27 74
29 7
3 101
122 24
125 82
88 27
89 43
20 117
105 1
125 69
68 30
111 103
55 104
42 104
120 27
109 109
73 65
17 9
117 74
90 26
7 111
82 81
100 43
84 29
51 52
13 103
69 74
48 98
11 64
102 24
108 54
70 31
29 85
59 64
16 72
45 37
24 73
28 114
6 113
82 95
42 50
89 17
96 90
2 7
28 46
47 105
45 30
91 66
119 68
14 107
8 103
48 66
100 64
37 57
124 120
24 78
88 22
88 114
32 66
19 72
91 85
76 10
81 17
78 98
65 51
86 58
56 10
63 2
37 81
42 17
89 110
109 35
110 68
91 58
23 9
3 39
9 33
65 84
58 125
51 51
32 49
98 51
15 17
70 23
59 79
64 92
46 63
14 24
67 49
33 28
38 26
104 37
113 116
27 2
76 99
105 24
123 104
49 101
30 55
110 93
109 31
47 119
98 83
97 20
34 108
90 117
66 79
91 107
123 62
110 1
1 65
95 91
83 24
26 43
31 117
72 55
67 123
81 117
74 28
81 55
51 124
17 43
24 66
115 87
88 105
82 9
86 109
34 36
111 64
90 70
5 53
4 45
2 106
18 89
83 68
57 31
30 106
120 13
6 49
78 61
100 117
83 111
9 114
63 90
101 37
66 41
120 120
120 98
111 12
28 62
2 83
32 48
115 100
98 70
20 9
69 111
117 86
37 6
78 63
21 49
21 27
68 110
80 66
35 22
63 112
35 8
18 75
114 95
4 77
18 56
38 51
12 123
112 54
27 110
36 36
98 109
66 33
65 96
103 48
121 118
61 20
67 72
41 79
21 10
96 28
28 85
65 42
1 27
119 125
67 16
18 40
55 118
97 78
55 2
123 16
92 48
51 123
10 24
89 23
119 10
38 54
60 119
20 75
92 17
114 17
53 4
92 39
72 81
25 14
40 53
27 59
76 72
78 58
68 25
96 75
19 12
35 30
58 120
47 3
67 1
112 105
63 25
16 68
91 62
49 107
64 34
38 73
43 27
47 120
89 106
66 121
118 121
77 71
18 87
122 6
122 81
11 73
8 110
54 10
59 118
38 97
25 86
122 34
74 2
46 78
95 72
16 98
25 44
22 50
121 35
105 42
54 75
98 50
125 120
30 64
55 107
120 51
41 34
85 63
66 1
103 10
96 107
106 111
28 89
67 17
6 86
60 109
27 4
25 52
68 52
44 28
16 109
92 86
58 99
50 27
27 51
89 2
24 53
74 100
78 79
82 47
82 122
117 118
111 73
13 94
6 67
95 112
27 54
87 77
49 39
2 123
59 60
7 49
124 26
4 23
18 23
90 53
40 45
91 78
119 4
96 116
38 110
72 24
5 24
66 125
112 117
70 93
78 108
107 110
101 71
83 122
123 119
19 88
11 49
35 108
30 69
33 118
19 82
50 59
44 113
7 14
20 51
62 22
119 119
6 35
51 84
90 8
122 44
40 40
97 123
60 55
85 94
119 97
8 3
11 83
79 83
86 17
14 11
116 31
58 82
121 40
116 10
22 75
82 57
18 73
87 117
114 59
62 125
57 38
44 89
94 93
106 5
73 44
119 21
21 91
111 102
87 44
109 122
97 97
101 65
30 11
43 11
93 43
80 47
31 41
53 122
5 95
124 68
28 12
10 30
98 65
78 113
17 77
113 14
27 38
38 7
48 112
112 53
98 118
75 62
25 123
51 45
6 12
49 52
77 68
58 19
42 61
99 54
112 48
1 122
7 87
21 9
19 27
28 110
85 30
30 108
62 31
40 113
75 92
11 54
24 48
74 104
29 78
52 94
39 99
62 61
108 8
81 6
33 87
19 84
27 43
71 61
50 18
64 66
31 82
63 38
94 76
29 59
27 125
38 36
16 125
108 16
14 23
40 11
106 3
119 71
62 87
79 8
110 2
33 115
89 74
64 91
73 78
52 64
100 107
72 28
17 20
71 8
36 33
68 10
107 115
54 92
2 52
115 53
94 71
114 49
73 14
97 51
30 117
50 119
104 46
75 77
27 78
75 69
84 6
69 4
118 92
79 111
76 98
89 63
16 14
4 50
65 18
58 47
78 118
109 125
93 64
78 123
119 35
30 112
82 16
70 122
48 33
120 102
114 54
47 107
12 79
37 50
118 21
123 66
121 105
47 116
108 53
16 38
102 117
48 11
90 6
82 90
81 27
101 61
31 54
68 28
41 57
59 104
67 19
9 11
23 79
113 22
102 45
37 104
36 96
20 93
21 83
106 77
26 5
25 69
9 19
36 109
56 8
100 83
100 74
120 2
6 114
117 29
37 7
24 18
19 48
29 97
47 97
19 106
89 96
16 75
118 34
78 125
35 16
46 124
42 1
95 50
110 66
29 80
49 65
40 71
41 75
115 60
105 33
35 27
75 9
122 87
122 51
116 118
88 120
49 37
3 26
102 96
15 87
118 25
89 22
60 20
10 110
13 15
113 7
100 111
112 104
24 101
11 107
12 121
95 84
108 40
119 72
119 37
65 120
15 22
73 5
71 98
39 113
97 55
13 59
60 120
45 82
75 29
113 85
55 100
72 26
114 32
29 95
11 113
119 14
93 57
86 123
40 112
115 68
31 97
87 86
48 89
4 106
4 39
16 56
56 87
78 46
108 121
48 123
113 17
72 20
43 18
7 105
110 88
99 110
14 4
75 102
100 11
21 84
46 22
92 12
76 122
69 7
26 37
1 68
60 88
51 25
21 47
108 82
33 41
12 2
45 83
77 4
123 27
40 14
79 97
22 95
65 116
92 89
100 6
52 56
119 78
12 23
54 39
84 77
72 103
28 67
59 55
97 19
76 125
87 59
28 70
69 28
120 96
71 46
88 81
26 67
107 75
46 1
85 1
123 22
85 29
101 110
63 41
99 27
108 64
6 77
114 66
74 83
8 12
1 91
121 108
9 27
32 32
123 106
53 15
56 29
40 116
109 57
62 116
77 105
111 24
96 17
4 103
39 68
25 32
34 120
5 8
27 99
122 106
24 32
33 27
103 94
105 49
7 24
116 21
117 95
74 80
57 10
94 114
43 22
17 79
22 105
11 121
41 38
10 64
46 28
120 44
116 76
3 10
40 75
33 10
70 8
11 69
16 58
120 12
67 79
74 123
14 38
26 58
35 68
120 69
95 108
64 10
20 50
118 99
66 122
51 35
108 31
61 60
94 124
119 69
87 23
99 10
93 62
27 8
59 123
108 109
1 13
39 51
102 106
10 79
87 51
12 112
3 30
20 84
67 39
50 58
33 117
40 79
113 97
52 83
108 4
85 36
70 120
13 20
65 65
52 89
104 75
11 50
112 100
23 37
53 54
65 70
11 76
25 39
101 10
55 97
31 31
55 108
119 64
82 8
61 105
125 118
110 110
87 63
52 69
53 55
6 13
100 14
25 34
62 29
90 13
34 101
57 99
91 100
59 101
102 23
106 52
94 80
19 21
112 11
8 52
100 16
31 33
79 1
2 110
64 51
51 113
77 111
58 77
100 22
71 30
47 22
62 57
62 118
40 57
98 53
119 63
70 97
16 65
12 26
53 95
66 31
64 76
17 70
32 29
17 107
42 97
18 20
86 24
121 34
81 38
12 46
31 102
42 76
27 86
40 90
121 28
82 2
94 14
69 118
88 39
16 13
61 79
71 38
65 101
82 36
112 85
40 44
71 32
85 116
64 125
111 29
34 17
81 99
124 106
12 19
100 77
52 7
119 91
71 120
33 58
122 48
70 63
82 77
115 24
108 24
53 57
4 59
108 111
51 6
72 111
49 33
58 116
17 98
103 35
108 63
75 118
76 8
74 7
80 10
99 46
114 53
111 111
90 60
13 84
87 7
74 102
81 63
64 100
76 121
42 21
48 83
57 62
103 8
32 52
76 116
3 97
83 90
58 12
10 76
22 119
1 99
122 3
15 53
6 24
116 93
90 118
26 47
40 61
124 60
27 98
76 34
72 58
73 120
98 1
56 113
5 92
54 36
34 3
28 6
119 80
38 91
69 69
25 87
35 37
61 125
115 59
48 49
15 104
92 106
91 12
18 42
62 69
100 2
60 104
13 36
118 86
27 75
105 106
66 52
9 6
4 75
9 36
44 84
24 64
13 93
28 80
20 39
107 69
115 33
8 45
91 59
113 28
63 64
21 105
30 16
26 33
20 60
107 30
31 23
9 119
85 119
115 116
54 72
32 99
77 12
81 19
107 4
70 123
17 27
108 66
31 90
77 29
44 114
11 122
54 11
105 43
91 60
101 48
13 83
80 37
88 91
86 38
18 9
8 78
20 97
47 64
62 14
35 82
30 38
29 36
23 59
119 122
3 95
74 3
98 79
78 116
21 15
105 47
29 119
118 88
80 60
77 76
37 13
116 3
25 59
17 15
8 107
47 28
113 95
73 70
6 23
93 66
4 8
72 46
109 20
23 69
87 89
101 97
98 10
86 9
113 53
120 89
59 102
87 113
11 93
7 46
62 117
83 66
16 31
81 22
21 53
108 100
115 34
26 16
39 59
124 104
123 50
26 102
125 28
85 69
21 110
30 80
95 123
24 105
16 116
114 121
107 94
99 65
102 58
51 29
59 45
125 74
4 102
108 17
112 24
30 61
68 34
57 41
85 92
82 64
67 63
59 16
124 70
118 66
6 37
121 97
27 118
99 11
61 90
111 77
114 34
88 95
61 32
49 67
37 15
33 86
3 78
69 94
12 44
106 103
3 102
56 5
8 11
121 100
95 5
68 32
119 47
9 96
100 97
80 90
49 99
94 117
122 72
79 102
4 105
61 38
36 53
54 96
92 107
40 101
114 100
79 38
4 60
103 80
103 96
15 69
112 44
90 73
38 12
103 74
28 17
64 44
69 31
105 76
79 76
40 7
110 105
2 47
105 107
123 13
46 74
87 102
60 122
65 64
61 107
4 110
90 38
76 104
86 119
117 77
17 10
96 108
33 76
19 8
65 4
37 98
75 47
20 124
84 26
41 13
85 41
64 73
18 58
9 81
46 104
106 1
51 114
50 106
103 65
75 50
37 5
46 80
38 30
87 54
1 81
78 102
102 25
9 98
67 70
69 119
68 120
60 124
115 17
80 59
102 12
53 107
122 108
24 54
60 38
112 49
11 12
52 103
89 71
4 37
109 65
87 75
6 106
44 58
97 105
28 23
25 28
82 105
124 24
14 91
38 35
113 102
28 50
97 64
76 2
51 23
81 85
29 11
19 19
50 116
32 89
93 125
124 124
84 25
115 26
33 38
47 42
13 14
70 66
63 113
69 60
46 9
6 6
65 37
76 9
59 51
72 93
43 98
31 57
92 76
56 114
10 93
110 106
73 73
17 25
39 117
77 91
75 99
46 57
5 96
24 108
59 57
2 67
7 3
104 102
2 64
115 101
66 68
31 1
69 5
13 97
70 94
57 56
7 12
91 89
4 62
68 112
46 49
84 4
73 89
11 60
76 118
60 29
33 49
96 122
81 25
76 108
15 11
74 38
57 44
14 102
47 115
66 78
54 95
19 58
120 114
104 10
124 110
33 13
50 114
63 96
105 11
22 100
13 76
50 35
35 51
43 97
83 57
13 75
114 50
121 89
78 22
86 102
48 51
25 96
106 97
23 112
71 12
78 51
15 52
53 76
92 100
91 37
64 30
57 24
11 4
118 55
2 29
14 10
110 19
65 27
58 23
69 100
42 51
72 113
114 8
104 107
13 81
107 11
84 22
50 94
42 67
76 25
88 25
111 41
47 51
6 73
47 31
109 53
117 94
4 36
65 53
78 6
45 79
74 20
31 111
31 47
97 11
114 44
84 72
105 74
47 66
72 100
122 19
100 76
41 8
91 22
124 125
86 2
47 13
3 9
72 34
23 92
116 22
109 17
10 116
119 102
6 33
98 123
21 13
24 12
79 90
79 36
71 17
84 39
27 67
13 44
35 12
72 79
45 115
122 76
65 66
28 121
24 85
76 48
68 23
24 80
44 25
62 54
24 27
21 71
55 57
41 3
29 99
69 116
91 123
71 73
102 70
2 15
14 100
44 40
55 124
113 91
104 93
116 43
25 4
47 99
46 119
41 18
94 120
110 24
99 45
113 48
15 113
106 85
71 96
125 35
41 44
69 89
57 114
10 41
80 15
53 23
103 42
123 43
9 50
112 13
27 36
41 29
106 90
16 77
59 18
41 84
62 49
123 60
117 68
120 29
34 33
25 31
97 7
56 15
20 92
29 35
77 21
58 59
25 112
16 2
74 46
115 121
54 106
36 82
33 54
23 31
53 44
10 92
16 20
90 123
94 92
124 78
15 1
21 26
5 62
62 112
9 71
60 58
85 6
73 8
86 53
5 17
27 76
59 61
40 86
17 75
8 51
33 39
30 31
54 94
121 16
3 61
84 36
91 119
71 36
96 115
69 77
45 102
105 114
51 92
66 106
20 6
76 87
40 18
78 34
115 1
37 23
48 121
68 40
17 62
18 22
93 91
29 58
123 6
125 124
60 60
87 16
45 80
59 94
124 109
44 66
73 68
3 103
93 106
114 48
47 103
80 48
44 101
117 4
85 78
39 78
76 117
2 75
58 101
32 100
46 100
52 101
54 121
55 114
98 27
74 116
30 36
15 30
5 43
72 39
42 105
40 27
4 54
17 116
88 79
111 32
82 43
31 37
9 109
85 74
7 91
4 16
13 117
98 15
30 115
96 48
40 3
44 83
87 58
41 5
123 12
16 3
32 123
99 53
113 21
43 83
6 40
16 79
55 92
75 78
85 99
110 64
51 57
114 24
74 27
24 123
7 18
97 84
13 101
73 98
86 114
89 66
84 30
43 54
35 57
73 55
34 14
55 1
37 124
42 99
91 31
14 108
123 96
5 85
64 120
99 34
37 120
100 94
107 114
51 49
99 55
117 10
99 71
40 125
83 61
82 39
13 52
48 73
14 1
102 5
89 67
107 87
12 31
96 31
93 29
120 106
113 43
86 42
18 122
3 86
92 93
35 94
78 73
91 86
97 125
101 32
107 111
73 35
117 53
71 29
44 62
105 40
99 26
23 113
83 10
77 30
33 90
30 125
102 119
88 7
69 79
101 85
18 6
87 111
35 33
84 102
114 123
3 79
10 67
113 25
77 80
63 125
111 89
39 90
97 86
95 121
51 107
103 87
92 110
58 64
54 12
16 74
103 12
19 49
55 101
46 70
60 111
58 25
1 37
55 69
115 109
103 112
35 78
28 83
102 11
98 91
74 74
72 122
124 66
41 16
35 72
51 85
93 81
6 88
3 69
86 121
12 74
108 108
41 65
58 85
123 94
75 14
17 60
1 45
65 115
18 116
81 76
64 96
58 118
93 22
75 26
59 34
43 91
88 34
100 15
73 41
115 54
90 44
122 62
71 10
112 120
77 70
70 17
9 54
80 26
87 32
64 110
26 8
70 34
121 93
122 25
95 61
78 17
121 22
12 42
72 106
37 31
2 94
75 11
2 102
8 113
94 84
54 37
77 59
89 94
54 77
120 82
1 49
62 107
73 34
124 23
49 58
85 77
74 9
47 90
114 56
97 88
38 3
54 87
9 102
112 1
9 67
110 113
78 100
85 38
55 61
51 90
78 21
44 78
103 109
60 125
39 12
82 27
73 102
101 64
57 52
10 117
74 15
35 5
19 24
69 54
82 20
20 46
122 29
57 90
53 14
95 58
4 26
20 99
1 118
11 92
92 75
107 51
48 81
89 39
102 79
1 90
76 78
77 19
88 65
79 116
63 37
102 76
10 40
92 71
71 114
57 36
54 35
118 110
107 73
98 92
115 45
42 72
111 58
91 114
82 17
27 104
35 112
101 79
46 125
32 92
80 123
94 82
10 32
64 54
71 47
6 55
48 122
82 118
74 115
105 124
88 100
120 73
86 81
80 101
41 11
15 90
3 45
110 83
16 104
38 63
24 2
49 90
3 4
57 98
76 20
27 101
50 45
10 122
120 94
43 84
100 36
80 98
57 96
49 109
31 63
17 124
60 42
58 114
37 105
37 19
43 105
106 50
31 58
104 4
4 6
14 72
101 17
7 73
106 78
99 106
106 25
53 13
66 3
68 50
42 90
18 35
109 80
47 36
14 27
81 10
5 108
120 108
109 66
92 36
104 115
23 99
111 80
116 17
110 30
109 62
111 1
13 18
36 31
114 20
75 59
1 28
80 116
18 33
15 29
125 1
86 18
120 40
107 39
27 114
64 95
70 117
14 109
35 90
121 115
52 82
37 66
40 12
112 87
31 22
78 55
44 68
1 48
103 27
9 55
30 45
1 52
20 64
43 122
75 117
6 29
122 10
87 101
30 13
67 24
16 84
29 77
120 43
32 103
112 122
15 70
32 39
71 110
32 84
100 82
50 38
94 110
18 66
15 49
97 70
50 74
109 30
38 61
80 42
53 64
83 80
32 57
115 23
63 48
77 79
112 107
15 75
114 37
93 10
29 91
23 105
112 8
7 56
29 114
35 86
54 76
95 120
58 55
105 89
84 83
41 111
70 92
102 10
19 20
42 60
19 114
78 121
55 21
35 21
59 111
22 72
38 17
27 85
109 55
29 9
26 114
45 38
88 90
25 116
93 65
113 45
41 80
94 65
113 122
24 82
38 55
80 103
34 39
18 26
101 92
61 6
106 72
15 57
35 58
69 39
35 32
91 118
59 36
53 37
111 7
12 64
82 22
40 108
33 73
117 115
80 49
61 112
20 30
66 34
79 62
7 47
111 78
58 75
76 32
117 32
11 29
99 33
2 53
47 23
58 39
73 92
16 59
82 15
112 22
83 6
115 18
99 60
2 13
122 57
16 51
106 62
88 16
121 7
16 103
32 19
25 62
54 74
20 59
49 56
28 72
94 5
111 106
77 52
17 39
56 124
25 77
62 100
4 10
47 85
71 39
28 96
29 47
120 19
11 85
19 39
11 102
63 104
73 42
19 89
100 23
31 109
51 60
60 101
6 107
82 100
72 8
7 25
104 72
86 10
24 94
94 79
4 89
113 41
119 32
97 112
5 19
26 120
7 53
13 72
100 7
52 18
100 19
93 92
105 12
60 32
89 69
30 103
92 125
119 27
55 17
52 123
17 118
56 13
82 51
26 44
102 62
94 101
18 93
123 45
90 85
8 123
83 15
119 41
51 77
25 61
23 20
1 33
3 98
97 92
125 84
103 95
36 114
96 49
26 25
58 93
124 77
23 95
99 14
64 23
88 123
88 13
48 111
68 14
62 99
124 103
113 26
102 72
20 89
62 53
79 99
113 94
87 45
92 26
41 107
101 114
115 49
13 10
97 1
121 19
87 105
47 43
70 75
108 96
114 81
97 103
65 36
102 61
52 10
80 122
118 15
7 58
10 12
19 62
100 92
125 31
5 71
80 85
89 115
61 109
83 99
4 117
52 59
41 9
97 69
68 53
14 70
105 71
84 35
104 124
79 89
44 92
105 35
73 86
36 66
54 52
93 45
78 41
101 23
100 41
44 110
34 47
70 62
61 1
112 103
79 124
80 32
93 121
98 39
27 94
18 61
14 79
36 117
53 85
113 89
5 45
106 64
69 19
56 14
4 115
21 11
86 29
93 124
83 35
117 31
49 51
110 38
117 61
11 24
27 57
62 102
84 125
1 87
45 92
45 125
8 46
26 20
64 25
32 65
109 76
4 57
97 34
91 64
111 95
24 1
37 108
70 81
37 69
6 96
92 62
43 53
22 121
60 72
15 93
10 46
19 102
31 74
73 61
36 106
96 100
60 121
42 81
50 61
46 7
89 77
41 40
1 83
42 35
95 47
73 7
8 102
76 12
84 43
17 104
78 40
107 72
113 115
65 86
12 29
8 28
49 84
5 80
53 58
11 98
118 6
40 114
69 43
36 18
4 3
87 29
83 58
62 3
51 39
5 27
118 97
70 52
1 7
122 66
98 32
69 11
87 46
48 38
105 36
54 86
122 120
48 35
10 123
57 91
88 63
108 99
89 108
25 9
25 99
124 1
20 35
112 111
66 81
97 48
38 40
83 46
122 15
24 72
77 95
58 18
36 44
10 120
72 98
12 71
29 38
11 108
21 31
70 95
99 6
47 27
7 97
17 51
108 10
11 27
6 98
103 102
12 109
69 98
52 125
93 49
123 5
84 1
98 38
117 67
1 43
22 1
89 75
62 17
12 90
111 79
77 100
111 59
52 12
33 82
98 69
79 121
2 115
82 12
44 33
45 47
89 28
39 65
40 117
61 114
55 8
120 26
93 90
47 109
4 81
46 13
110 125
22 109
111 39
113 19
22 58
114 60
21 44
28 39
123 88
98 102
27 71
55 105
12 14
50 63
97 79
51 43
117 39
34 104
42 41
41 105
62 5
26 103
106 75
22 82
53 118
16 36
39 7
22 25
103 99
30 94
110 27
2 36
106 98
85 108
30 121
109 18
122 42
16 71
123 30
13 114
110 77
8 89
79 107
104 113
22 110
23 85
68 98
71 68
40 65
4 25
79 108
36 9
22 51
104 117
4 124
49 117
84 117
116 112
21 116
54 1
46 111
62 26
37 71
71 121
1 104
44 74
1 117
32 93
105 91
58 113
122 56
25 1
105 70
64 77
73 79
8 72
45 74
82 23
26 119
124 3
28 49
75 41
63 55
5 104
35 123
22 101
12 3
8 58
99 13
60 73
1 69
114 120
85 33
22 57
92 102
16 64
63 103
50 64
8 100
52 39
64 98
48 102
19 116
9 76
16 81
125 94
75 101
1 6
41 95
8 62
103 120
50 80
116 53
52 93
55 80
56 26
111 63
75 79
76 38
59 29
27 82
45 48
17 72
70 45
62 111
7 98
40 34
31 45
107 58
54 29
115 58
97 63
62 46
41 98
52 116
38 121
30 33
105 95
21 1
10 95
59 26
23 60
90 37
90 96
100 62
82 45
23 17
124 54
96 120
48 110
41 64
123 31
84 80
43 119
109 86
1 106
117 60
32 110
20 110
2 103
40 124
58 22
33 3
20 67
117 116
105 34
12 62
94 103
123 55
56 74
80 99
47 2
50 9
87 26
124 56
14 124
114 40
101 46
113 75
114 85
82 32
47 15
106 79
104 85
33 65
65 23
87 24
86 73
58 119
113 3
105 4
58 95
50 97
85 109
41 43
110 90
3 1
46 32
7 30
1 110
96 110
19 71
57 9
27 97
12 124
56 54
10 91
59 27
76 75
107 92
46 113
8 124
111 30
86 4
35 36
36 51
100 45
22 10
30 9
68 91
26 14
21 72
16 97
33 119
79 81
123 18
103 11
103 107
23 62
4 44
19 113
5 55
93 38
25 38
83 72
58 110
85 81
45 57
120 57
79 50
101 70
81 53
100 34
84 98
88 85
84 20
16 28
6 11
66 5
35 95
48 59
81 123
112 63
84 118
34 109
19 119
56 83
38 92
53 104
88 78
41 27
105 97
82 33
119 22
14 19
51 46
59 63
62 38
82 28
36 89
116 20
42 80
41 45
93 24
94 7
75 3
53 26
48 13
49 54
63 9
71 23
50 124
20 3
40 119
62 40
112 82
3 100
6 72
91 5
34 60
102 83
99 64
74 70
47 72
44 93
121 101
31 125
66 82
7 120
2 99
121 6
45 106
43 72
107 38
9 44
30 78
39 5
13 86
75 122
91 52
108 56
118 46
26 75
98 75
55 115
26 118
45 99
116 92
95 56
33 103
107 21
96 81
101 52
94 78
32 10
17 69
20 108
83 27
71 91
94 42
125 15
57 67
24 36
54 8
26 3
104 3
33 114
10 17
54 63
87 103
121 54
68 123
24 44
101 113
18 10
121 120
11 53
112 99
34 121
42 46
55 18
106 55
53 120
112 59
41 90
8 57
45 65
13 64
11 119
64 105
70 84
88 102
55 48
116 42
59 35
24 59
59 46
61 103
8 104
74 120
105 46
120 70
107 57
93 56
49 70
7 100
55 15
96 125
111 35
120 92
28 15
36 60
69 83
58 86
92 3
117 114
25 71
56 81
111 117
1 75
30 24
10 74
54 41
49 34
74 53
8 35
110 101
44 76
11 87
109 33
107 43
123 72
61 101
106 91
15 112
68 51
105 44
48 77
36 71
123 3
32 102
24 124
30 109
123 102
19 17
11 90
85 55
29 109
12 94
93 76
46 10
89 89
4 84
113 67
115 106
80 45
61 71
9 28
115 93
119 112
19 60
90 69
46 114
116 89
119 90
100 104
19 109
91 84
41 100
104 25
9 86
15 43
73 23
13 11
9 65
37 51
31 20
9 94
4 67
116 51
61 108
112 109
14 17
87 4
106 34
13 96
124 97
101 39
7 10
109 93
80 75
11 31
49 30
94 20
18 110
62 58
102 54
109 84
90 86
20 56
121 87
116 23
51 80
31 60
1 31
86 112
95 34
12 45
95 95
13 8
57 26
46 18
1 16
123 81
92 30
69 33
106 107
77 24
10 124
85 107
4 125
81 35
123 56
93 32
26 81
108 113
96 111
101 84
83 74
48 87
10 37
88 23
96 50
27 115
28 16
23 68
50 6
81 124
8 59
46 67
112 18
125 123
93 72
94 59
112 37
16 123
20 114
105 19
124 53
13 46
65 82
69 37
40 83
91 95
65 122
8 65
69 46
4 104
41 15
50 32
117 36
53 116
41 50
27 5
112 6
97 27
25 78
41 55
23 50
23 101
113 112
99 83
21 103
24 118
81 65
16 15
46 86
89 46
45 78
125 116
26 117
8 10
85 23
66 19
124 89
36 41
106 17
23 55
81 80
80 19
44 107
76 17
32 83
55 30
119 34
67 28
56 60
38 65
120 67
73 4
57 79
16 95
21 106
24 117
116 9
64 36
92 122
96 66
114 108
88 46
58 6
56 31
51 42
29 53
86 36
17 31
2 72
85 26
77 118
70 107
94 99
31 2
40 84
17 35
40 102
40 88
93 25
35 2
58 13
26 74
76 115
10 11
107 96
32 105
84 15
45 58
35 59
101 66
90 39
69 86
54 81
83 60
104 26
2 17
33 88
50 71
11 75
53 111
105 59
49 69
3 49
118 20
7 101
30 51
67 105
110 5
20 32
111 27
88 2
90 68
100 58
36 72
40 16
1 115
94 3
7 102
14 3
49 108
70 78
3 73
100 125
50 7
43 58
86 93
34 84
12 91
65 69
24 35
41 30
41 41
15 85
100 8
107 19
27 72
18 45
29 71
100 99
90 82
80 95
11 59
29 89
102 39
105 84
9 46
94 30
5 105
84 87
124 102
58 46
56 107
96 69
75 90
50 104
114 80
95 37
77 83
68 21
125 67
105 87
61 42
4 41
92 46
95 88
120 37
12 69
84 103
70 14
76 119
4 42
39 80
37 61
103 76
60 10
30 68
35 29
46 117
100 105
52 4
52 115
17 3
35 125
39 57
33 31
15 118
15 48
47 55
49 21
47 50
87 87
88 49
57 45
90 87
85 100
54 73
42 40
93 7
11 105
113 88
50 110
27 117
79 34
27 79
55 83
38 14
99 120
92 35
120 117
21 16
46 43
23 30
16 80
89 86
74 17
125 79
100 56
80 107
11 28
5 107
114 23
103 24
120 63
87 52
125 72
2 76
26 9
92 25
1 20
8 98
49 89
63 93
48 19
94 27
45 93
42 54
79 18
42 123
64 20
55 70
46 3
5 68
78 120
67 60
1 97
7 8
37 43
101 15
103 43
101 49
16 49
105 82
65 40
113 86
41 54
81 86
101 26
85 24
87 42
42 32
65 80
88 112
20 16
38 74
73 48
39 98
76 1
69 123
108 41
52 90
55 43
75 6
46 108
115 31
86 92
113 51
49 6
124 90
25 104
120 111
66 77
24 88
71 116
92 56
83 40
38 34
117 54
87 98
78 96
64 31
21 113
105 66
46 90
109 112
122 85
101 27
6 21
33 85
103 88
111 122
66 94
80 94
51 37
86 64
95 80
9 117
90 40
7 113
16 112
98 49
101 115
43 63
108 67
21 61
102 27
79 125
112 106
45 76
88 45
74 101
64 15
71 75
77 122
96 80
26 2
122 115
81 110
123 4
86 115
76 36
23 89
120 9
43 73
8 50
64 111
114 87
96 65
47 21
39 16
74 81
114 112
29 16
53 77
58 28
100 95
97 15
16 16
8 34
59 110
61 44
32 77
16 70
118 8
8 47
37 8
87 38
46 37
10 15
119 8
8 20
78 35
12 65
27 31
52 110
107 56
65 100
47 16
46 96
99 111
55 47
122 101
110 111
26 11
4 20
43 94
18 125
97 28
23 4
7 77
111 72
103 117
43 40
64 88
41 110
35 40
40 35
97 98
6 71
63 50
5 9
12 57
121 32
86 66
109 69
111 2
63 78
108 91
24 83
104 104
71 44
45 97
50 91
100 96
75 64
67 118
68 43
49 57
18 72
13 1
41 60
46 24
32 81
49 97
118 74
101 119
116 6
88 66
43 7
95 54
43 112
21 100
56 32
25 122
123 95
100 98
5 37
8 114
55 77
52 118
109 75
11 9
32 119
63 18
73 114
96 67
11 97
35 44
58 78
43 28
3 105
40 55
125 26
41 72
60 59
44 122
80 115
125 97
67 42
63 8
121 67
9 41
21 120
62 65
61 21
74 63
21 88
71 2
92 63
102 103
117 107
34 54
121 31
49 82
116 99
71 105
105 67
38 45
26 115
58 71
5 109
108 51
43 79
106 74
124 105
38 114
75 15
92 73
62 115
35 109
66 59
34 70
60 56
71 70
98 54
52 120
122 121
42 109
59 30
18 3
60 17
14 57
77 2
121 33
75 70
30 92
91 55
24 92
49 118
28 86
74 18
120 125
33 96
95 79
40 122
42 93
53 16
62 30
17 50
94 6
5 67
9 10
56 6
114 12
97 4
39 84
76 54
123 52
61 70
96 78
69 13
81 37
4 56
23 28
118 37
65 55
17 52
36 70
38 66
38 99
3 6
12 88
84 27
78 86
90 71
13 6
66 102
103 85
33 89
9 116
52 114
42 122
103 50
98 16
89 41
19 41
10 107
120 85
10 33
67 54
123 120
19 86
106 16
1 105
66 111
17 87
99 7
123 92
106 35
99 59
36 63
119 26
17 123
60 2
105 75
7 114
124 6
91 3
34 92
83 20
17 66
37 102
94 17
26 92
12 101
58 17
90 98
89 21
121 8
100 123
94 2
110 42
89 100
73 26
2 18
78 15
10 106
110 65
114 52
67 82
59 87
2 51
122 123
49 81
61 29
84 12
71 111
98 100
67 29
23 33
119 107
57 54
83 18
15 32
84 66
103 1
98 67
111 118
84 48
101 100
75 39
114 35
56 20
108 33
44 116
52 58
37 101
6 48
1 29
115 80
59 76
102 115
30 48
37 78
47 9
13 124
67 3
90 66
100 66
51 64
120 62
78 33
43 26
32 96
107 50
114 46
84 113
72 114
50 108
46 40
52 104
82 56
14 25
104 108
117 16
19 125
18 105
124 7
54 62
80 43
79 13
42 89
26 94
91 121
33 24
86 82
113 84
73 51
2 65
24 87
78 23
107 119
30 67
111 82
117 113
43 88
94 95
65 46
113 37
79 71
51 10
29 93
121 88
93 20
94 13
56 80
54 83
84 55
6 100
27 34
70 12
106 60
51 94
42 53
59 97
1 55
86 116
109 91
96 62
125 89
22 87
26 53
111 114
107 88
23 1
97 10
35 20
35 81
94 45
104 53
97 31
94 15
47 56
54 42
115 107
75 8
53 67
116 77
49 88
9 112
104 99
99 118
26 112
74 25
120 49
46 19
106 81
10 9
7 33
91 33
23 122
86 22
77 90
116 15
6 62
12 7
62 96
11 62
33 43
66 47
60 61
13 40
68 78
29 17
9 21
47 7
31 122
100 24
35 46
118 65
25 120
51 78
43 85
109 9
15 35
119 83
58 109
113 68
45 12
88 38
27 100
113 24
93 87
58 48
119 89
93 74
104 71
15 108
125 43
72 83
11 5
99 91
108 13
75 106
34 24
39 35
114 89
93 3
125 92
100 53
49 62
59 2
86 72
29 41
22 62
56 34
57 81
8 112
1 125
78 97
116 49
90 7
11 67
102 102
5 121
94 56
85 47
7 39
25 79
75 28
95 125
123 112
62 97
52 73
71 60
96 99
108 112
60 37
95 45
117 102
13 120
54 69
37 121
17 19
55 103
117 80
40 123
119 82
65 81
120 23
20 40
94 62
35 3
89 49
9 120
63 111
30 97
84 76
10 63
34 63
20 54
115 11
51 109
72 82
44 37
79 35
23 96
28 78
114 26
35 55
74 125
44 14
28 18
12 25
124 5
64 22
57 8
30 101
89 51
11 65
116 96
93 6
52 95
7 23
119 25
32 111
9 88
14 78
109 115
34 110
123 116
118 14
113 1
72 90
115 112
99 18
61 99
74 4
107 34
30 91
52 55
11 95
80 110
71 49
119 44
74 103
116 58
80 84
68 26
68 69
92 23
62 4
121 113
99 70
42 95
65 112
111 68
125 59
3 40
55 90
83 28
109 46
96 88
19 90
19 1
91 61
91 4
105 51
107 55
50 65
59 49
49 25
58 98
65 117
61 81
94 74
107 48
98 60
28 26
22 124
61 82
21 70
111 50
105 21
19 56
95 40
72 61
28 99
101 109
45 43
101 104
24 21
87 83
119 73
41 92
93 77
92 121
60 8
42 70
24 26
80 93
47 101
80 5
64 29
50 17
107 112
1 71
49 5
67 61
29 51
9 105
48 37
26 108
2 82
120 84
73 60
60 45
116 79
57 113
14 111
64 3
32 50
89 70
37 62
5 91
106 28
71 9
118 13
54 125
67 32
84 24
78 91
18 47
21 94
3 84
61 78
18 97
95 111
114 27
111 28
34 48
99 101
47 8
23 36
99 22
122 38
5 123
109 22
82 38
102 100
94 48
21 30
62 48
22 102
31 7
24 46
8 4
16 22
118 103
74 71
24 111
115 63
42 117
119 108
27 61
41 52
107 29
7 61
110 107
50 76
47 71
52 68
13 4
98 93
115 27
61 115
106 20
95 63
73 124
81 40
38 11
5 84
92 79
13 47
101 69
100 57
115 125
113 2
14 89
31 3
49 111
61 2
9 111
88 31
31 119
22 64
99 37
82 10
26 123
20 98
116 56
72 49
95 73
34 85
58 11
20 4
78 93
58 121
30 3
68 17
27 42
91 74
40 60
106 70
24 37
94 116
54 66
13 121
107 3
89 90
61 34
23 22
93 118
56 99
22 103
23 58
7 90
76 82
64 42
10 113
105 31
118 45
55 50
96 70
26 1
102 53
51 105
76 52
9 66
66 64
34 44
4 47
115 90
5 70
32 5
95 25
99 99
14 9
109 16
86 88
95 74
107 60
96 41
101 45
106 115
32 101
121 79
117 106
31 62
84 85
113 125
12 117
28 13
29 113
25 57
37 37
41 4
35 100
59 32
81 121
85 84
76 37
43 42
1 88
88 58
105 2
98 121
9 89
52 11
32 104
74 79
11 91
15 124
50 92
123 24
98 105
10 77
96 124
116 84
42 18
74 43
31 26
11 33
16 8
52 70
110 95
91 56
2 23
118 118
76 101
91 76
96 47
109 77
62 75
17 82
92 7
102 2
23 18
102 98
69 95
123 82
45 19
104 5
85 87
53 60
76 68
83 33
85 118
39 24
7 54
71 64
24 8
69 57
82 93
57 121
10 57
97 42
35 70
80 111
51 119
113 12
48 27
121 95
91 41
93 30
53 125
28 64
73 57
110 44
122 124
80 119
100 1
110 52
17 55
108 122
81 67
115 79
91 82
25 119
51 40
35 107
81 115
12 58
24 40
81 20
67 57
110 119
119 48
119 57
52 78
112 42
114 78
58 111
98 17
37 75
79 68
38 122
51 65
93 123
14 99
103 3
77 49
65 48
114 67
51 88
28 34
124 4
3 85
65 44
96 94
43 65
36 108
57 18
60 100
124 20
8 73
102 105
25 16
90 121
79 27
110 17
120 122
17 103
23 121
11 40
96 84
1 80
48 32
87 116
15 12
91 39
26 55
85 25
49 63
37 33
91 20
51 50
125 83
44 5
82 97
112 121
121 110
101 118
57 15
35 60
41 115
77 37
60 123
68 66
112 35
78 3
38 59
79 32
34 74
78 77
109 27
73 54
8 33
59 107
64 62
85 67
13 89
58 68
85 76
36 21
87 95
71 103
83 11
61 15
38 28
15 117
54 71
115 62
120 7
31 79
35 48
85 110
104 96
103 55
62 13
92 14
68 8
103 22
17 12
72 101
90 9
67 45
122 36
26 65
64 124
20 116
78 68
115 76
103 122
73 58
43 114
2 56
76 44
69 6
77 10
50 102
36 6
45 17
23 24
50 88
11 66
92 83
107 26
60 28
67 6
20 121
84 59
69 117
116 5
57 116
50 78
53 21
45 71
50 85
93 16
75 57
63 122
68 47
9 84
52 91
101 50
98 55
45 6
57 95
87 78
24 30
27 10
114 71
100 68
124 12
75 114
42 47
6 82
110 60
24 71
118 98
79 30
22 31
99 56
58 3
109 83
66 10
25 124
36 43
32 45
46 106
26 76
119 51
85 17
5 61
43 109
12 28
69 114
5 76
20 49
90 120
34 31
67 93
25 93
98 98
58 4
22 73
42 69
25 91
99 49
114 62
61 13
108 72
36 50
119 31
43 25
53 34
47 110
72 120
25 76
102 40
48 28
18 24
77 36
58 57
67 59
89 50
15 61
7 16
83 36
21 62
73 27
66 97
77 13
76 80
112 55
84 108
125 29
13 28
40 6
121 82
85 105
77 25
51 121
99 103
105 112
103 23
80 113
35 38
62 50
43 19
30 84
66 114
27 103
61 65
54 64
51 91
59 91
100 101
94 85
96 40
105 93
40 49
116 115
50 47
85 28
6 92
95 113
35 118
92 65
72 71
75 17
54 28
72 4
107 18
42 43
104 62
122 54
14 96
118 33
117 21
74 76
84 61
12 66
87 41
73 105
36 59
23 13
28 104
20 88
97 56
90 50
67 77
56 58
91 26
38 107
111 49
37 85
111 14
45 51
37 79
44 6
117 52
16 4
7 22
86 55
73 64
86 46
122 95
87 35
115 3
122 46
111 108
34 124
113 74
103 119
87 5
53 101
12 32
97 60
95 23
78 64
98 101
92 58
2 26
60 95
2 46
124 43
49 7
11 44
38 18
7 32
108 34
96 25
3 3
59 100
82 106
80 124
124 48
61 47
84 8
61 80
71 83
31 112
37 18
107 86
14 88
57 85
29 50
37 30
121 96
21 3
42 36
35 121
11 18
20 57
101 1
105 119
45 21
98 21
24 121
51 16
35 1
119 62
64 49
95 43
17 113
79 72
120 76
15 33
124 71
117 55
108 92
114 68
79 64
110 35
117 108
94 40
70 58
97 91
18 74
114 114
7 21
122 1
13 61
38 8
21 115
30 27
96 6
118 54
17 5
101 24
58 104
29 43
84 84
94 38
86 39
66 42
101 72
26 52
2 124
56 42
20 2
35 98
88 59
85 61
87 6
74 56
69 91
39 48
6 9
51 116
70 16
105 73
69 47
110 56
109 43
51 54
12 103
105 99
69 78
87 99
120 116
37 103
53 123
59 124
16 124
42 102
122 43
65 95
54 53
80 46
7 52
13 66
124 38
74 58
35 62
36 35
75 81
83 106
11 101
12 115
90 51
68 2
3 59
120 14
3 82
80 87
49 2
124 88
51 98
6 87
93 26
85 101
85 34
104 49
81 87
22 23
76 107
20 48
116 39
11 94
3 23
48 64
99 69
62 74
40 106
2 116
101 22
67 110
102 46
83 64
29 79
93 13
97 54
34 52
5 119
63 7
103 115
47 83
9 13
10 78
104 73
26 71
25 92
42 33
90 80
68 54
52 112
52 79
71 43
73 38
98 85
87 33
113 40
33 123
119 2
101 6
61 50
102 90
59 106
60 115
67 50
96 77
59 88
84 95
75 80
30 86
100 50
64 50
26 60
61 68
22 14
32 28
75 98
28 65
48 95
85 97
42 19
97 6
86 108
38 113
26 57
87 119
60 105
43 95
19 108
77 119
54 27
24 47
117 120
50 42
100 21
4 74
32 47
32 23
14 74
62 7
125 117
36 3
102 37
124 27
75 20
28 38
5 42
57 105
67 115
57 88
35 116
85 96
39 30
116 57
84 16
112 64
78 8
5 116
36 48
6 27
99 58
8 106
29 48
89 56
1 76
92 53
48 101
103 82
106 47
53 74
106 65
109 101
88 99
22 91
26 78
64 17
61 30
70 68
85 31
64 24
61 19
26 40
49 11
16 45
40 9
3 35
124 33
9 32
70 118
107 20
34 38
116 108
28 115
8 61
44 119
12 35
60 62
38 1
63 85
114 102
85 19
125 104
58 76
27 80
124 116
46 54
73 115
42 119
39 46
44 97
35 25
38 81
14 59
95 90
115 36
81 47
125 36
49 13
27 12
60 26
103 90
29 14
125 88
19 87
123 35
106 68
29 64
89 82
97 58
17 37
45 113
87 84
14 46
57 20
99 15
62 35
13 100
108 101
14 13
1 12
14 125
69 40
14 30
118 35
108 50
48 106
49 14
20 90
64 26
112 25
64 41
1 1
110 46
29 56
120 25
105 8
115 6
54 88
13 67
10 121
79 66
85 60
103 75
47 19
116 113
54 14
32 11
79 33
40 98
28 14
116 66
104 14
73 31
18 14
6 52
93 83
62 47
78 5
121 116
107 33
123 23
90 119
42 42
74 44
71 80
71 113
71 94
14 121
114 116
69 90
72 70
29 8
52 49
25 29
82 34
72 92
12 13
56 116
28 109
40 66
5 102
83 59
86 20
124 17
123 73
17 115
116 105
73 56
44 91
47 54
50 100
52 53
98 106
24 63
110 58
47 104
68 48
20 77
17 76
82 29
1 112
105 104
61 85
114 74
28 31
11 38
57 61
118 94
43 20
49 122
111 46
57 104
60 77
112 81
92 70
64 48
70 30
18 101
43 67
107 35
84 50
15 60
20 65
40 74
122 78
20 63
23 125
75 88
102 125
16 48
89 97
90 100
81 58
84 63
57 35
38 48
37 54
61 37
18 2
105 79
49 77
23 90
112 15
67 74
117 124
23 74
106 118
125 6
21 36
8 116
36 115
118 113
109 87
125 13
6 44
48 90
118 90
1 119
108 65
63 60
27 83
17 61
113 110
87 57
59 3
73 50
7 110
59 70
25 49
87 19
27 41
57 12
22 117
19 37
4 43
22 67
115 32
72 117
113 87
102 6
43 10
124 51
25 58
36 28
78 38
65 28
52 29
77 35
47 69
112 71
115 2
113 47
89 7
113 13
96 73
18 64
75 19
77 73
98 108
88 82
67 67
116 24
25 17
77 57
5 122
43 71
29 68
48 116
50 103
94 43
54 84
112 75
100 91
92 123
58 84
26 93
45 61
53 11
6 122
61 39
13 107
34 76
61 25
39 100
106 9
43 75
69 15
92 55
20 107
1 86
33 34
19 70
47 114
30 104
6 57
21 60
114 107
17 80
104 23
72 12
94 34
106 71
10 114
82 60
70 115
8 67
116 37
4 107
99 105
72 86
124 30
32 56
39 40
99 102
12 6
22 53
88 87
78 99
38 83
34 29
50 20
94 35
19 107
56 2
70 72
26 27
23 108
58 100
30 23
106 96
55 74
6 38
6 34
47 88
2 81
29 92
30 15
115 4
12 1
11 17
71 28
69 27
84 13
18 100
56 125
73 80
87 13
115 98
35 75
8 70
65 34
51 66
49 124
24 97
61 72
32 117
94 64
51 75
102 101
50 25
53 65
59 52
123 87
12 118
36 112
120 6
69 14
86 74
2 28
42 3
46 6
84 88
21 80
87 48
91 6
104 60
68 63
122 58
22 46
89 20
68 57
56 56
84 40
106 54
31 59
6 7
73 59
26 90
123 85
98 86
51 99
50 28
68 102
88 103
8 31
46 45
124 64
36 40
64 75
118 67
66 86
41 96
64 94
72 84
38 21
101 4
6 54
23 14
102 7
23 61
63 13
44 72
109 5
98 82
117 82
112 50
3 65
8 17
30 34
55 27
116 32
17 65
112 27
120 3
95 26
44 65
92 101
122 122
90 23
114 75
24 55
100 44
115 119
5 51
33 99
79 22
60 110
74 1
77 98
103 13
25 82
26 61
57 73
82 65
12 33
33 1
88 42
111 90
62 79
118 115
105 101
37 32
60 49
20 68
56 40
58 70
77 123
65 79
66 85
92 108
76 56
58 50
30 111
36 27
122 22
93 71
121 104
67 109
46 88
93 69
26 89
58 10
44 112
8 60
115 115
114 72
38 24
100 75
98 66
16 1
37 90
108 14
54 17
1 46
63 81
22 44
70 3
68 16
61 28
28 112
84 9
33 37
96 60
15 46
117 14
50 13
115 16
29 29
56 106
111 20
87 118
14 98
98 80
101 77
64 35
26 59
55 45
123 19
14 66
36 86
56 67
116 29
103 46
118 104
53 62
47 93
45 63
32 71
102 80
95 42
38 96
8 8
98 58
116 91
116 28
57 102
64 84
105 98
39 50
108 125
107 13
38 13
20 45
89 72
79 42
85 121
74 16
31 49
30 114
120 24
49 103
100 78
44 77
72 104
119 29
92 124
104 92
67 71
87 85
113 34
3 55
101 80
2 77
108 58
71 74
102 4
96 114
15 95
24 25
60 78
34 32
75 5
61 110
42 7
29 96
30 90
30 8
89 35
73 1
92 99
36 76
44 64
26 28
2 101
123 121
123 1
97 3
88 56
1 23
80 9
98 63
75 96
29 39
34 81
115 51
40 80
15 81
7 13
104 105
111 36
49 47
42 85
76 15
56 55
10 6
93 36
78 111
40 67
27 121
84 82
107 76
71 20
78 107
118 75
26 13
68 71
66 9
124 72
10 71
125 27
119 92
90 42
46 53
86 89
62 76
61 117
101 38
15 91
82 86
13 78
101 106
41 68
6 124
106 30
62 34
78 104
78 16
111 16
2 88
4 69
12 98
64 55
69 30
11 71
9 73
19 94
82 6
23 42
69 44
52 106
78 105
96 46
75 82
56 50
47 44
3 114
103 71
19 103
79 25
3 18
15 19
67 114
13 79
55 58
108 106
57 47
80 55
51 122
39 93
33 21
83 102
112 14
80 88
69 109
123 74
18 84
64 8
44 23
21 102
91 88
74 33
48 50
92 61
94 16
119 70
113 35
95 1
49 91
94 31
111 45
110 55
51 7
22 30
71 55
64 56
107 80
4 12
65 114
96 23
34 125
108 37
28 118
107 41
68 79
87 10
37 21
121 64
57 58
78 47
4 92
96 113
55 95
37 122
50 46
68 125
68 88
8 14
73 123
65 74
22 36
17 96
25 7
99 23
107 71
118 2
92 42
95 32
84 11
49 114
50 83
114 92
44 17
110 49
116 59
85 54
24 103
20 15
9 78
31 99
71 41
100 33
121 109
63 57
123 67
116 116
79 86
88 109
65 108
118 78
108 94
123 124
95 103
80 12
124 94
122 2
83 100
2 91
69 121
51 18
27 87
33 72
29 115
82 21
45 111
113 44
31 43
23 106
93 84
54 123
123 123
51 11
120 58
57 86
111 61
72 29
13 29
55 62
68 3
86 99
38 70
41 56
90 58
65 5
42 16
45 81
62 20
107 8
84 121
54 38
28 55
93 108
52 105
102 77
106 117
118 91
78 36
8 115
77 89
71 15
14 32
97 21
89 87
9 91
55 81
15 39
86 27
51 1
48 84
34 90
37 97
53 27
104 106
41 59
17 34
49 27
34 95
94 29
53 17
119 76
49 59
84 65
23 7
31 89
38 47
40 121
125 34
75 123
35 54
53 50
96 51
39 76
105 96
89 83
119 101
72 88
29 23
52 97
34 71
52 27
101 93
37 86
115 111
1 11
84 5
125 24
18 107
37 20
92 114
5 69
22 118
49 48
24 51
66 83
57 14
86 50
1 82
50 66
121 81
98 43
44 54
23 12
117 6
122 71
97 122
121 102
71 24
6 109
35 14
80 104
107 61
60 103
76 19
35 24
102 92
48 22
76 113
124 119
88 15
58 66
79 7
2 90
17 108
66 28
61 51
3 64
31 56
4 119
114 10
53 112
69 92
81 30
123 48
95 35
30 58
111 43
20 17
103 70
92 40
91 106
6 14
111 71
63 108
13 35
16 83
75 76
67 98
5 72
61 57
125 46
53 84
53 92
121 18
114 5
49 43
20 33
23 35
31 120
37 96
119 98
115 75
78 117
67 15
98 41
122 30
33 122
72 78
100 63
61 11
122 23
51 55
55 75
46 84
98 5
100 69
7 15
99 97
40 8
81 104
2 122
116 26
60 70
66 119
58 80
122 97
106 21
79 10
72 91
72 7
82 1
21 2
28 53
104 125
98 47
108 30
106 110
9 123
52 15
74 122
106 66
6 65
72 115
104 109
114 51
29 104
7 89
22 27
74 117
102 113
82 4
32 15
23 102
109 41
47 86
41 7
49 104
101 19
80 36
54 116
113 111
31 98
9 35
81 11
37 83
20 91
28 27
97 46
109 104
119 16
81 119
111 6
105 100
113 100
86 84
3 8
20 29
35 88
39 123
38 108
17 93
66 8
81 7
73 15
121 99
92 49
125 61
54 93
94 33
5 110
47 112
43 34
72 105
37 56
74 68
38 37
87 72
104 55
104 47
113 4
19 122
80 13
11 99
51 102
1 26
46 64
59 109
58 90
13 31
13 105
83 7
36 26
61 18
8 96
114 65
67 80
44 71
50 84
93 98
106 38
25 75
65 75
19 13
23 91
41 32
45 3
50 2
83 32
47 123
46 12
7 20
28 47
48 113
60 117
87 11
31 105
45 119
20 5
112 92
62 105
106 4
123 107
106 99
104 40
65 57
47 98
81 73
38 4
85 79
13 88
36 16
70 33
124 9
69 67
77 93
83 94
103 56
83 93
114 73
76 31
99 124
57 30
85 57
15 77
64 65
56 7
31 115
83 98
62 41
93 11
95 66
6 41
15 114
63 45
117 65
57 75
64 81
74 111
6 26
46 56
108 76
30 43
122 20
94 122
11 48
42 96
114 94
50 125
57 68
67 89
125 71
117 70
59 11
120 107
49 72
24 57
46 93
7 85
112 80
22 48
75 16
12 99
103 104
96 106
105 65
24 28
97 102
16 17
42 39
17 119
59 4
19 69
87 109
87 25
74 78
68 92
75 85
111 60
63 22
46 102
37 16
70 19
104 36
52 48
104 17
38 29
65 99
47 5
40 85
68 93
99 87
54 22
46 16
48 14
28 2
85 15
1 5
24 39
98 78
106 76
60 13
32 112
71 86
38 102
65 83
123 9
38 106
7 80
42 101
41 23
120 45
46 60
6 70
111 38
67 41
77 112
28 107
3 106
121 39
30 102
64 43
83 76
82 30
44 44
106 11
14 86
13 24
120 50
74 92
33 64
116 119
39 47
111 42
21 45
94 118
100 121
14 50
119 79
94 123
118 24
29 26
120 64
55 73
50 90
55 5
107 106
9 38
73 74
38 49
64 37
50 37
71 112
44 99
60 106
119 85
65 14
52 44
117 24
95 38
8 29
91 35
98 29
57 25
20 100
34 1
82 52
30 17
26 105
123 28
71 51
33 78
103 61
26 56
74 108
24 122
107 7
77 7
106 100
68 116
32 41
61 22
42 77
112 29
20 102
4 51
90 103
38 104
29 60
108 105
96 4
59 115
115 37
29 82
57 118
122 82
115 52
107 40
73 84
26 50
77 110
98 19
14 117
112 4
97 68
51 108
52 98
36 102
9 108
82 53
103 57
59 22
44 120
26 19
64 89
4 83
110 61
122 13
69 41
37 63
32 27
115 48
109 40
27 15
104 89
80 89
24 42
49 17
60 114
70 49
47 29
4 82
14 51
114 58
8 1
68 65
108 57
108 89
73 19
1 92
20 34
80 61
46 26
58 20
84 28
27 18
2 71
76 105
72 102
55 26
48 91
110 31
70 7
108 12
60 12
121 124
52 33
119 38
52 109
115 44
76 70
100 51
79 15
19 59
30 10
73 125
87 123
63 27
102 69
65 6
37 34
106 94
54 90
118 23
83 96
36 49
36 77
16 63
81 24
68 74
57 80
94 4
77 92
104 82
21 89
5 74
77 114
60 93
53 3
63 47
50 111
76 43
9 4
31 30
9 68
81 34
113 71
101 60
23 47
67 76
91 72
16 96
61 113
56 123
12 60
91 79
48 20
49 95
60 96
123 37
42 124
118 123
63 87
75 84
104 98
86 71
117 105
75 45
73 29
100 110
26 77
56 119
43 103
115 82
39 79
96 102
17 36
10 87
8 91
31 96
115 46
21 33
14 95
42 118
93 73
125 55
95 119
87 76
33 102
10 53
92 16
22 5
31 50
7 108
55 6
31 32
28 88
25 107
6 75
100 17
106 53
55 31
62 62
8 119
50 109
19 52
89 55
55 12
9 9
90 57
118 4
46 95
112 45
5 73
25 85
53 89
33 56
5 90
52 122
97 89
58 83
102 81
9 79
124 84
32 25
110 14
107 45
63 84
27 69
69 106
99 93
33 71
8 95
59 103
113 106
100 73
92 22
50 8
80 120
5 64
117 62
53 73
59 112
47 41
70 69
4 101
81 106
41 51
99 74
34 8
77 8
41 77
22 99
60 108
117 22
86 5
15 28
57 124
93 41
74 82
100 81
55 119
88 5
60 48
22 92
22 70
53 9
68 124
91 53
18 53
53 109
101 107
76 85
2 48
53 42
72 36
105 69
48 71
51 5
109 94
56 53
95 69
93 50
44 26
45 118
35 96
42 27
48 65
102 91
84 51
14 93
42 5
108 21
25 70
8 53
49 61
65 33
109 119
66 103
79 52
77 109
93 27
88 26
32 62
121 57
53 102
7 123
54 45
18 104
93 80
75 24
13 92
96 85
34 34
124 96
109 52
43 62
53 36
23 56
116 46
103 26
35 84
36 56
121 71
35 111
72 89
3 87
39 25
23 54
107 104
17 99
21 65
101 81
124 13
123 108
86 103
43 1
17 56
32 59
21 87
12 108
105 29
98 42
65 121
26 30
50 113
18 109
48 79
103 32
116 63
89 80
6 101
72 11
59 47
116 47
113 78
43 106
112 46
93 55
81 90
95 48
49 29
51 106
37 28
97 32
75 97
121 73
103 34
4 68
82 5
31 14
88 104
48 3
109 29
14 116
21 104
68 100
61 100
24 110
119 65
15 50
76 35
49 8
87 65
96 117
21 42
50 68
106 124
10 26
97 2
36 90
13 104
18 49
21 85
4 109
13 70
65 103
92 10
90 28
60 68
116 101
119 109
65 19
57 94
21 50
17 90
42 75
69 52
24 104
28 21
6 66
117 40
64 78
15 105
45 105
30 118
124 95
118 120
37 68
78 52
69 55
98 90
49 78
116 25
22 80
104 103
35 77
123 100
6 17
103 89
113 62
46 66
124 76
59 40
86 83
43 57
6 18
99 21
99 47
91 21
81 49
63 56
99 44
71 56
106 104
14 7
73 52
94 68
34 20
109 59
81 120
122 80
118 100
62 63
70 13
93 5
124 99
62 68
96 121
91 108
31 106
3 33
50 89
48 63
54 115
101 47
15 64
106 56
41 31
16 102
69 84
117 58
97 85
57 21
11 70
91 93
94 96
99 32
56 108
74 50
111 47
99 48
24 91
59 92
116 11
73 71
70 39
65 124
85 102
117 35
70 64
53 2
66 12
103 19
44 102
25 111
108 29
85 104
60 21
62 78
72 73
88 28
70 99
66 67
105 121
48 47
110 4
36 84
25 48
74 119
3 119
20 69
12 24
74 99
98 71
22 85
96 72
49 68
18 46
93 112
14 104
89 38
19 98
27 14
22 71
65 39
125 10
39 82
39 87
94 67
15 18
84 94
77 104
41 42
65 2
86 96
99 72
17 111
8 68
100 109
76 79
112 56
54 67
12 105
101 8
15 3
120 55
3 116
109 81
83 49
13 98
52 47
116 16
121 11
116 30
36 121
102 74
14 118
107 99
111 19
79 60
1 64
12 111
21 38
72 48
81 118
69 22
19 77
116 82
14 68
104 20
90 27
109 68
40 94
85 95
83 53
12 37
75 124
51 38
65 43
32 22
39 95
61 31
69 29
54 40
20 87
29 18
58 92
22 54
110 45
71 62
111 34
44 105
80 2
22 39
100 80
51 68
29 107
114 57
27 77
5 100
98 46
58 103
28 125
33 98
63 53
8 16
106 102
116 34
62 103
84 100
71 107
122 119
59 62
8 99
90 93
82 111
66 27
51 3
3 80
97 39
124 114
18 51
86 105
42 98
119 120
28 61
116 106
102 41
11 80
60 36
67 53
82 112
12 102
15 88
33 97
11 106
21 5
60 75
90 67
125 62
11 39
27 30
34 53
71 52
55 110
1 63
83 83
15 5
41 123
114 31
32 46
40 92
47 77
108 83
74 24
110 103
16 100
112 116
119 28
117 71
16 7
14 35
104 2
6 117
63 101
38 88
62 95
34 28
114 118
7 19
112 36
80 92
51 83
29 65
116 45
78 37
86 65
32 2
41 81
57 110
114 47
106 27
44 118
120 53
67 65
111 104
8 105
68 35
45 72
51 26
28 82
31 77
118 124
110 75
51 120
14 64
26 29
83 89
15 26
61 74
124 49
122 32
87 82
122 59
71 40
124 107
7 66
25 108
123 118
101 30
97 82
59 41
47 10
9 29
56 110
60 4
89 122
89 57
102 122
108 120
88 21
109 116
47 61
115 81
10 103
107 113
26 36
90 110
82 119
109 120
85 13
95 39
67 37
101 105
81 45
116 48
109 37
115 77
8 38
96 36
39 91
38 62
78 62
42 121
89 85
124 75
60 107
46 20
117 69
79 9
11 117
91 38
50 11
107 89
102 85
104 114
26 116
8 2
112 76
84 54
7 109
81 108
67 9
51 100
97 76
122 98
96 39
44 38
43 123
118 1
31 28
103 6
48 78
119 94
123 54
117 110
31 76
11 34
91 91
95 22
37 46
82 3
37 2
55 65
55 28
99 80
2 37
18 70
58 38
75 113
84 23
103 78
86 48
120 17
58 124
64 7
85 70
21 121
57 53
17 57
47 20
56 117
112 40
121 76
94 41
27 70
18 69
10 89
47 53
85 64
78 101
24 14
103 49
87 90
36 105
81 68
93 113
29 83
2 2
116 68
94 10
67 94
39 36
46 41
76 24
123 2
86 8
54 65
110 85
5 35
20 58
4 79
55 67
22 16
17 1
15 73
93 42
102 44
55 85
88 19
113 49
39 125
83 101
95 100
19 115
57 46
96 9
108 25
43 8
94 51
101 125
121 14
61 67
86 97
122 114
74 114
27 92
109 51
96 53
30 119
51 24
58 74
74 26
8 24
31 123
16 29
63 35
33 11
44 57
20 119
117 51
57 112
24 119
107 49
83 109
125 63
35 122
11 68
18 118
3 77
53 80
31 18
66 90
20 76
59 9
76 110
72 68
106 29
14 34
34 50
44 85
10 69
69 2
91 90
107 62
101 101
92 8
43 33
43 13
121 13
60 14
3 81
71 69
119 15
5 120
25 101
50 24
110 15
109 85
85 52
59 83
32 106
97 52
20 118
106 13
20 25
2 12
37 77
87 43
90 72
120 61
100 59
30 120
78 81
44 4
36 52
39 106
31 44
104 70
34 100
101 43
12 110
78 39
50 51
87 91
42 22
32 94
8 21
115 73
13 38
50 44
111 57
30 37
71 122
19 25
82 103
7 116
41 37
122 89
9 1
24 34
36 103
119 49
29 122
106 119
119 110
77 65
15 42
124 52
96 1
11 47
99 76
105 115
105 108
2 22
25 66
30 12
82 78
52 92
100 65
85 10
22 2
10 1
41 62
114 33
121 77
106 88
92 2
51 61
70 26
121 90
85 11
80 106
24 116
77 42
54 114
94 46
37 42
61 48
38 43
65 31
6 111
53 41
95 33
19 45
112 3
13 16
60 65
125 38
18 11
115 21
83 12
20 94
31 19
7 92
31 80
8 80
31 64
124 15
13 113
1 58
94 39
18 68
73 22
33 83
99 66
64 4
50 62
71 90
43 81
39 111
40 32
14 90
7 79
121 4
76 77
75 121
50 87
90 113
38 98
69 70
122 7
74 67
53 38
17 74
1 22
65 113
4 64
43 59
115 50
4 90
19 66
34 122
21 52
40 2
72 17
106 12
110 104
33 15
103 124
46 61
86 47
13 65
104 9
79 84
4 93
50 101
124 59
72 75
26 96
120 5
109 99
57 74
74 31
89 24
47 11
36 10
83 120
122 84
60 67
43 39
30 124
29 21
89 92
19 65
90 30
69 49
76 42
15 96
108 69
61 98
88 88
71 87
58 89
55 24
119 52
29 66
42 6
46 97
97 35
3 117
90 81
105 94
124 65
42 37
120 124
24 125
28 71
32 98
1 123
94 26
89 5
124 86
11 116
13 53
108 90
120 59
117 48
103 7
12 119
79 17
2 87
23 6
112 84
43 15
122 111
15 97
111 87
96 54
15 34
16 108
53 10
65 87
24 10
84 62
84 17
89 36
64 115
20 28
72 44
66 45
75 120
37 99
49 76
62 84
78 30
50 123
27 95
29 72
81 43
19 73
7 35
13 125
19 53
44 36
122 47
125 93
51 93
52 50
105 50
67 27
5 2
69 25
80 76
22 120
9 90
89 58
122 27
91 28
78 72
110 108
101 90
71 42
123 38
1 4
111 65
63 110
74 66
86 78
106 125
39 92
125 57
46 42
31 71
57 120
73 121
36 39
22 3
113 57
90 101
22 63
16 23
74 35
51 13
75 58
95 55
90 124
40 15
118 26
48 46
22 28
43 121
112 23
13 99
63 79
36 57
62 52
50 86
25 114
88 125
96 123
39 110
82 101
95 18
6 56
53 18
119 11
32 78
125 122
95 4
73 94
115 97
68 105
124 8
31 121
24 38
31 69
10 4
123 11
85 62
75 115
22 113
15 100
7 75
118 72
108 79
103 9
46 8
85 40
62 51
103 111
48 1
80 28
102 87
109 13
67 73
80 53
75 2
84 31
48 12
1 85
121 117
11 100
109 70
28 123
114 98
9 26
25 103
111 83
34 37
41 112
61 7
87 53
97 106
78 74
112 79
1 79
20 26
65 16
57 109
82 72
16 85
45 69
3 51
44 96
41 58
125 22
88 51
46 46
3 47
28 1
102 108
31 124
65 21
29 90
41 20
49 121
121 24
40 105
90 109
13 37
9 99
86 94
48 119
108 123
99 5
26 68
80 125
39 107
40 30
65 73
63 120
10 94
19 110
70 59
105 22
106 84
47 79
35 99
30 98
68 114
20 72
70 113
36 101
104 86
97 77
80 33
89 103
116 109
45 27
9 43
18 34
72 30
125 42
1 24
118 112
92 34
34 91
11 52
42 66
123 8
25 10
68 13
6 83
55 3
28 97
95 62
42 57
15 123
9 51
87 70
54 15
117 125
35 17
15 40
102 95
77 20
77 113
98 68
120 77
26 6
83 1
97 111
64 28
84 116
29 125
24 77
115 65
7 94
9 83
17 40
47 122
123 53
125 96
5 78
52 45
46 35
52 88
110 39
96 8
120 109
5 106
11 51
120 112
39 58
70 71
110 13
28 52
95 68
32 107
121 114
24 76
1 61
57 115
112 119
100 26
91 109
123 25
26 31
36 12
123 41
50 50
70 80
68 109
9 113
79 61
109 23
34 111
43 31
72 85
26 101
37 12
28 20
101 67
36 20
35 19
65 61
96 18
61 3
47 65
51 15
99 114
5 47
21 40
78 83
24 19
21 34
110 34
76 14
61 52
21 66
47 33
44 13
11 125
121 9
75 12
40 21
79 20
69 3
92 85
90 16
58 123
23 41
69 38
111 109
10 102
92 54
103 41
34 82
18 103
25 3
121 3
106 14
71 21
54 46
123 114
112 69
61 56
124 50
108 116
59 80
4 58
114 41
5 81
61 23
105 28
17 114
40 54
37 116
28 106
43 3
80 100
60 1
45 44
80 67
7 103
95 117
69 82
33 60
34 72
8 74
13 41
117 109
27 60
41 119
23 67
44 70
94 125
78 70
79 46
40 115
93 63
96 89
81 103
69 56
75 56
104 112
101 56
117 85
45 89
110 118
80 39
13 106
52 28
81 78
10 51
121 122
7 11
69 113
28 25
38 90
15 65
16 34
121 55
53 25
16 53
47 48
18 65
36 19
22 4
103 33
99 117
13 45
64 113
40 118
8 79
13 102
76 58
59 23
123 98
93 105
44 69
33 100
48 100
98 23
45 109
57 28
11 3
125 48
65 109
76 92
26 41
56 85
11 2
49 15
51 31
125 44
113 31
104 100
26 32
94 44
71 66
75 49
88 43
69 73
29 6
117 5
123 103
121 50
19 68
123 77
77 63
80 41
45 36
65 41
17 106
82 41
82 42
7 125
21 77
85 42
106 114
56 36
32 34
18 41
49 10
89 47
23 27
41 49
58 33
110 122
64 13
68 58
66 55
117 45
113 73
112 123
4 15
121 121
24 99
125 41
105 48
28 87
12 97
108 1
74 55
20 37
24 23
95 116
107 77
82 62
85 86
114 103
93 31
13 111
55 78
87 96
19 51
1 41
77 66
101 83
15 120
46 120
18 120
44 22
109 26
21 81
5 41
125 109
6 97
39 112
117 38
124 47
81 50
83 30
24 114
79 12
108 97
53 82
45 42
99 51
124 18
48 7
46 44
34 103
119 13
52 76
110 18
101 112
58 72
9 85
2 10
83 95
49 113
108 115
43 117
65 20
111 93
107 59
52 20
97 73
105 20
116 107
8 86
78 4
109 107
76 23
20 81
9 122
11 20
63 28
36 88
125 111
46 51
77 72
51 12
2 57
77 78
38 32
6 102
53 5
99 42
45 87
46 31
51 36
47 68
76 45
110 91
110 37
84 74
73 101
111 10
100 85
51 125
78 1
95 110
113 9
104 76
40 97
34 4
113 39
80 58
106 2
78 13
91 49
41 1
26 106
63 109
61 9
30 83
103 17
56 72
116 65
45 66
89 1
107 122
125 75
123 86
20 111
21 124
35 120
77 87
52 124
121 41
49 125
87 20
73 66
7 112
48 93
104 77
74 73
38 117
70 61
54 23
107 74
8 82
90 76
45 11
98 116
99 2
41 22
54 19
16 69
35 13
88 54
37 100
7 78
34 49
94 104
108 6
47 60
12 75
91 27
30 20
123 7
9 53
121 94
1 17
49 64
52 38
97 57
123 68
18 16
10 72
49 41
71 25
27 44
23 70
22 115
33 66
120 100
63 119
104 83
25 25
58 106
12 89
122 45
66 104
32 60
90 74
33 62
94 105
39 53
9 80
98 25
115 96
61 97
15 59
11 56
114 19
119 20
14 18
85 35
11 84
117 50
103 108
57 107
105 111
69 108
102 52
96 43
3 108
32 33
125 64
67 111
14 110
59 98
9 69
64 5
89 104
10 81
23 117
76 41
81 122
39 105
112 110
74 96
26 23
18 79
88 37
79 4
25 26
115 104
33 2
113 15
11 57
22 106
2 118
8 109
69 103
52 5
98 2
35 9
27 21
110 7
106 86
124 39
67 44
93 86
37 38
88 106
12 39
93 68
96 59
11 13
60 66
125 50
46 105
107 10
74 110
106 7
46 116
98 89
34 97
107 82
13 7
14 82
70 73
18 115
9 56
22 114
54 108
36 47
90 78
60 80
108 98
125 76
40 77
59 33
70 121
61 83
85 125
37 35
89 3
96 12
86 1
107 81
2 6
111 33
118 111
63 121
102 118
4 85
76 74
53 110
110 8
67 101
7 67
12 11
55 93
21 46
107 78
111 75
64 67
33 109
14 122
43 115
115 15
114 18
94 91
3 25
80 73
93 115
53 46
110 72
56 96
41 2
104 51
113 66
56 16
109 39
57 87
86 57
79 37
45 7
84 110
9 106
38 86
47 92
76 53
123 71
109 97
108 45
49 112
25 55
46 115
43 45
94 28
89 26
47 59
123 113
78 9
1 14
104 97
109 79
89 60
17 23
5 125
10 65
59 65
74 105
119 18
9 40
73 25
103 84
49 83
95 77
98 81
88 17
72 25
27 109
103 101
103 38
77 124
101 74
47 38
31 53
34 18
125 110
104 122
95 11
96 58
16 30
22 107
36 4
120 30
112 41
14 112
100 52
125 16
56 28
47 87
20 115
24 22
82 82
35 47
113 16
39 94
45 20
11 112
38 100
32 109
28 8
67 7
71 115
81 14
79 94
39 64
88 30
70 105
33 53
9 100
24 58
37 125
48 103
64 117
65 38
2 3
97 99
95 12
112 95
117 33
37 123
118 61
96 11
106 69
98 36
86 90
12 20
56 98
116 114
78 54
80 108
70 111
62 23
95 7
119 58
1 73
9 31
100 38
81 113
12 5
115 83
76 66
43 16
87 12
91 98
112 20
98 12
67 48
95 9
40 72
12 40
16 114
81 114
52 66
32 76
118 7
26 48
30 116
6 61
100 10
105 78
84 52
11 10
78 12
78 103
11 23
92 20
71 101
10 10
73 37
49 20
54 16
61 46
52 41
99 100
102 33
83 8
56 122
14 85
115 20
39 21
100 48
93 44
30 81
101 13
53 53
61 53
43 64
1 19
37 87
45 24
110 21
36 107
46 118
122 88
14 75
106 87
58 69
90 102
79 103
68 115
77 1
61 106
74 51
75 40
121 30
89 91
110 97
103 69
65 24
48 108
17 112
43 113
115 28
36 34
64 39
49 44
4 97
66 38
62 12
27 27
98 30
20 71
85 80
32 12
79 19
17 95
58 49
32 43
76 5
9 59
12 78
122 39
100 84
24 13
18 117
1 67
21 109
66 48
117 27
97 67
22 76
35 83
15 109
25 125
58 8
13 25
72 37
84 71
17 6
8 49
88 124
50 33
21 69
118 29
99 108
52 2
60 83
60 64
56 48
101 7
8 71
90 21
49 36
48 48
112 39
5 101
23 25
109 89
86 23
1 62
116 18
69 12
99 79
75 13
18 91
52 117
54 57
109 58
81 5
98 88
84 34
88 47
2 84
46 48
44 50
67 52
99 121
26 97
94 81
110 116
74 107
71 65
4 76
108 3
59 39
11 55
6 15
91 65
117 1
81 74
83 39
16 99
102 28
56 88
4 29
108 73
30 41
112 9
101 87
83 9
58 36
7 6
123 17
98 87
14 36
40 70
86 69
12 16
64 80
55 60
83 77
78 26
43 92
103 91
70 96
84 58
31 16
82 70
19 105
9 37
63 100
27 108
108 39
80 29
8 85
79 73
120 78
60 27
7 81
3 111
41 103
37 22
15 51
63 34
63 23
94 19
3 71
114 119
15 83
105 64
75 63
83 116
43 49
16 88
12 116
97 74
108 85
80 20
30 53
26 26
51 73
83 47
44 20
77 48
11 111
98 107
33 67
109 102
84 96
63 31
28 113
117 84
56 77
74 88
106 109
39 88
105 86
110 100
88 67
93 12
33 29
2 16
46 73
73 43
25 46
48 18
55 113
60 43
33 8
28 95
21 108
49 1
13 109
13 32
48 17
52 37
29 19
65 102
23 116
45 16
89 44
6 116
123 78
101 54
6 30
47 75
121 5
60 9
38 79
85 3
2 5
9 125
69 68
26 21
60 40
17 8
112 73
18 106
7 48
37 117
70 4
29 62
55 7
91 104
7 50
13 57
59 119
100 124
40 52
20 86
1 25
44 117
23 3
4 111
56 66
109 48
82 69
91 29
60 52
98 11
77 96
38 89
39 15
121 48
117 111
35 4
94 60
58 117
76 3
88 71
83 107
35 71
64 33
105 54
61 17
115 39
49 9
57 92
18 90
23 45
89 78
86 56
83 91
28 58
100 42
28 117
119 12
79 3
115 120
52 25
54 118
17 92
120 72
43 111
37 49
92 77
120 41
29 15
109 105
61 77
106 32
57 17
4 33
58 62
32 87
110 117
6 25
91 105
13 115
59 122
42 110
55 42
35 87
99 86
56 63
57 37
25 106
17 11
7 82
74 23
68 87
83 2
100 27
119 117
90 15
91 45
6 58
29 27
56 94
97 9
20 18
69 112
55 64
69 32
109 11
43 9
68 89
90 108
88 84
111 88
125 85
102 78
77 44
52 87
56 3
86 30
95 82
87 74
95 8
9 87
23 63
83 69
25 109
80 72
102 67
3 32
76 55
119 86
66 99
101 75
74 90
62 90
65 77
123 101
72 42
95 98
63 70
72 118
42 8
56 78
116 121
15 66
23 111
34 73
79 114
90 112
108 2
11 6
19 118
3 2
61 75
54 48
74 10
103 114
94 98
34 65
87 94
59 15
114 28
63 6
28 10
94 83
121 36
19 85
37 89
53 12
76 29
66 43
89 93
117 41
67 104
16 82
18 119
30 25
79 55
66 124
108 80
98 125
54 60
121 103
90 59
72 97
96 21
107 102
92 60
60 102
27 47
60 23
64 104
123 15
95 93
66 66
33 106
87 39
24 45
103 105
67 36
36 7
10 22
26 45
69 71
17 63
1 70
59 12
2 119
18 94
117 15
123 117
59 78
10 83
121 80
13 5
117 28
125 121
3 96
44 123
101 58
21 119
124 22
97 72
117 11
2 86
17 78
37 25
15 25
55 121
39 55
14 21
109 90
87 71
79 110
125 20
72 33
87 1
17 14
99 123
97 41
92 111
3 70
91 80
62 25
22 17
72 95
46 68
63 115
19 44
108 118
79 115
65 123
72 19
95 102
75 110
86 59
101 116
46 69
72 38
76 49
90 1
53 81
66 4
101 78
37 82
58 27
17 83
71 79
118 51
15 74
106 42
57 76
116 98
78 18
68 7
43 37
16 39
112 38
12 9
12 56
27 45
113 54
102 104
27 6
121 125
77 32
50 14
103 79
58 44
82 44
68 72
107 36
15 45
106 113
79 39
87 106
76 86
120 99
68 111
14 26
43 48
83 62
40 51
15 82
58 34
58 24
91 7
81 57
73 12
14 61
30 113
68 20
74 41
83 70
99 107
25 13
97 71
65 76
54 43
20 125
88 97
107 70
7 45
113 121
99 20
57 27
52 21
45 120
40 109
25 8
50 105
3 12
22 45
31 15
5 114
36 98
78 50
34 106
19 10
62 33
90 104
90 12
89 113
10 52
90 63
10 23
11 11
4 21
105 18
18 98
1 95
34 46
7 83
30 5
72 80
43 47
20 20
97 18
86 16
38 38
3 118
73 97
77 67
121 44
81 112
45 110
33 52
36 46
77 38
15 94
59 120
49 94
101 68
76 22
52 34
1 50
85 59
15 36
45 4
58 65
8 55
12 82
75 54
23 83
88 113
23 110
109 28
110 96
49 26
100 37
7 72
32 51
91 77
2 112
41 104
61 49
18 12
10 36
8 117
23 75
54 24
26 49
124 111
123 46
89 114
55 71
110 98
51 79
122 33
21 39
58 56
104 67
22 116
45 18
62 60
32 73
69 66
4 22
101 21
37 4
68 33
5 21
85 2
4 80
95 83
109 92
114 111
10 61
22 18
3 94
79 117
119 43
45 86
63 3
12 96
45 32
34 77
24 5
6 78
6 60
7 124
50 36
31 61
108 86
120 34
57 48
37 113
74 72
36 32
50 112
114 79
4 40
116 7
62 11
115 41
44 9
32 124
45 54
72 41
119 50
111 31
109 74
124 100
77 41
39 45
109 82
21 90
16 117
122 104
5 65
36 113
26 46
33 51
69 10
47 58
73 119
50 41
5 66
83 51
32 53
92 32
121 21
104 116
93 37
82 14
122 94
7 70
29 110
87 108
62 28
66 7
66 30
68 37
107 32
116 125
50 5
72 107
20 74
93 97
48 9
18 108
40 22
14 113
82 59
17 122
13 62
66 105
17 7
48 6
122 68
60 47
83 117
42 82
49 115
45 29
31 94
32 61
34 86
31 17
114 122
55 59
116 94
52 119
45 8
13 110
52 54
64 122
20 113
99 43
45 55
34 19
37 110
32 54
79 58
40 46
4 17
82 18
114 55
88 12
102 48
32 79
124 123
22 65
29 22
105 52
11 104
60 91
102 1
98 59
40 91
35 76
81 83
40 48
19 78
63 82
31 84
48 70
123 20
82 35
34 99
99 95
50 93
47 17
110 70
44 80
67 43
109 117
37 76
38 15
27 53
3 110
3 67
96 14
87 47
4 95
125 65
84 120
94 47
77 86
2 78
8 36
5 117
34 114
19 99
91 14
72 9
122 8
27 46
92 74
38 82
67 108
109 54
77 11
66 29
103 5
68 19
4 46
54 31
105 85
98 48
14 6
63 95
91 16
95 41
92 117
40 87
81 88
119 56
111 67
15 102
68 82
46 33
119 9
119 23
78 57
13 19
6 68
102 3
7 86
12 12
52 102
14 47
52 113
58 81
89 117
44 82
27 16
1 72
52 8
2 95
19 42
35 10
125 58
75 42
95 24
90 94
67 2
30 1
107 68
73 77
47 124
7 31
57 50
116 70
80 40
14 2
6 32
122 99
25 30
54 20
78 114
93 40
74 12
12 120
6 5
83 25
109 36
39 39
51 33
116 122
6 94
33 105
44 24
71 106
113 119
45 50
33 6
53 31
28 41
36 45
37 72
92 81
95 106
30 6
125 115
10 70
97 81
24 74
24 49
40 93
9 72
91 125
79 63
46 29
121 106
94 53
97 107
12 38
43 124
42 83
27 111
28 124
71 3
106 120
67 33
81 54
71 117
79 92
74 36
30 46
47 94
57 101
70 51
39 75
1 101
107 24
66 112
10 90
16 46
96 22
58 45
69 51
36 64
84 91
4 34
74 29
41 122
58 79
33 63
31 73
83 48
50 67
42 14
102 14
30 74
41 71
1 94
17 41
12 72
10 100
46 15
50 34
4 11
76 57
42 13
23 119
67 51
42 24
60 85
97 33
36 120
109 121
11 63
59 93
79 14
15 89
103 68
67 100
89 37
112 57
91 34
85 68
65 78
62 64
92 67
52 26
70 83
11 88
14 20
39 2
57 89
71 4
14 8
41 83
83 13
56 101
18 78
84 49
61 84
9 24
85 50
52 17
85 103
91 46
87 37
64 57
115 74
91 9
32 108
70 114
17 109
21 41
12 18
124 118
110 124
75 36
88 1
40 43
116 124
109 38
43 99
13 3
75 53
14 45
99 92
93 58
27 26
15 44
68 107
107 124
124 85
72 64
67 91
84 73
24 98
125 103
5 16
93 19
98 120
12 61
21 48
86 35
12 15
78 56
5 31
51 87
69 16
104 19
58 35
64 61
29 25
81 107
108 32
18 99
114 45
66 91
41 113
2 73
12 27
38 23
82 123
52 40
68 9
95 49
97 29
4 24
78 122
12 107
48 34
67 40
76 7
41 6
57 66
95 99
112 77
104 74
9 61
83 86
120 65
120 48
53 51
96 27
116 75
46 50
89 10
81 59
110 84
71 104
8 6
96 52
91 1
52 60
121 74
110 123
47 106
125 108
83 110
77 17
118 22
44 108
77 54
76 16
10 75
29 13
115 99
27 11
29 3
108 104
11 7
73 122
115 5
74 61
60 39
86 70
33 5
125 73
15 38
7 59
82 61
7 95
93 114
53 61
19 123
21 21
122 91
117 96
12 21
37 1
54 7
60 74
83 105
78 87
38 39
57 93
81 29
66 70
19 112
83 19
116 27
111 86
96 38
96 35
36 94
51 4
6 91
99 19
28 98
42 26
121 62
35 35
91 8
105 23
119 1
29 112
117 103
92 92
108 20
16 52
26 73
87 28
66 92
106 45
104 34
90 115
113 27
51 101
60 90
82 104
62 86
63 114
93 2
53 33
68 81
74 34
105 103
124 83
8 64
4 70
48 109
79 31
28 48
23 32
4 65
86 15
110 109
101 124
60 112
76 100
110 9
17 22
104 29
34 79
103 53
46 65
97 119
70 20
49 79
59 24
15 10
42 63
51 28
80 38
19 34
67 87
73 24
43 74
62 71
5 60
32 115
99 12
88 20
66 54
73 112
86 51
50 49
22 55
44 55
63 68
85 53
60 89
88 72
50 56
91 67
17 47
55 123
34 67
31 42
74 14
83 43
64 45
56 38
53 71
33 120
63 80
66 69
7 4
94 12
9 95
30 49
97 62
97 13
59 75
67 30
55 52
27 62
106 51
24 120
35 110
17 54
44 61
102 19
14 55
83 54
14 37
11 42
43 50
39 4
75 66
44 104
107 23
111 17
32 114
53 78
72 40
106 112
82 37
88 111
34 5
53 19
74 19
15 37
18 7
70 86
13 63
120 28
5 36
58 37
79 100
10 31
123 61
100 93
123 33
81 66
54 2
55 41
63 51
83 87
96 45
110 6
125 8
110 11
50 23
37 70
87 60
32 44
74 112
33 40
84 21
96 105
88 86
28 81
31 113
88 9
37 109
106 24
65 10
42 15
113 50
73 67
6 79
76 96
29 73
88 55
23 104
108 28
59 95
16 55
39 124
30 30
109 103
24 16
48 40
42 125
26 12
53 94
29 116
106 23
118 114
88 117
85 9
93 67
86 76
122 75
85 111
34 35
1 103
53 7
117 78
24 31
35 102
68 97
37 84
48 45
112 86
22 83
79 95
69 120
68 24
73 63
98 57
116 74
34 123
58 5
42 10
34 59
7 37
112 70
20 120
43 76
101 59
11 72
104 64
122 64
17 71
112 83
53 79
120 38
3 41
58 94
82 46
116 12
106 33
35 23
86 25
12 47
20 105
69 9
122 41
25 6
67 14
113 79
76 111
101 102
25 60
103 4
3 122
63 42
82 71
75 46
97 24
5 18
22 41
103 100
92 44
57 34
56 27
104 48
15 58
95 109
91 71
121 15
64 16
72 67
41 70
92 21
43 89
4 100
39 109
65 50
113 60
113 36
107 27
91 47
12 81
73 96
78 42
92 4
102 94
17 24
118 76
62 122
2 125
88 94
90 89
76 69
26 69
125 86
55 37
1 9
19 47
124 112
116 73
102 18
2 34
10 54
79 123
93 28
123 57
64 71
66 50
107 16
55 112
16 50
113 11
85 20
42 116
62 104
102 66
25 67
6 105
68 76
104 79
5 50
97 121
79 98
9 2
35 34
91 57
108 88
122 90
27 3
76 73
43 110
119 111
69 65
18 48
111 9
91 73
67 68
64 123
39 120
73 46
82 92
17 38
13 9
41 46
19 55
28 90
23 26
95 70
109 44
75 61
47 100
69 62
27 105
39 116
104 50
40 47
12 76
9 16
25 98
115 88
108 43
74 54
15 20
27 24
56 45
34 115
25 65
47 80
39 56
33 30
36 42
84 19
59 108
89 18
61 8
59 38
98 72
118 87
110 48
78 14
45 33
45 26
41 86
24 6
30 57
105 6
22 19
74 5
110 12
5 59
44 1
125 25
40 10
10 119
21 29
120 80
30 7
111 97
59 28
71 5
17 73
17 4
55 96
85 48
90 4
68 46
59 21
68 29
113 98
113 80
52 14
88 76
63 118
44 115
94 55
64 79
98 3
85 71
68 122
14 12
74 62
114 61
26 110
62 91
61 45
66 80
12 51
6 119
81 60
119 67
65 88
103 31
5 1
20 42
28 30
31 8
19 26
123 97
116 72
3 53
78 2
21 97
27 119
14 16
17 49
123 32
8 92
32 18
55 29
25 105
98 99
19 16
18 121
66 57
30 42
98 115
100 3
95 46
101 9
80 56
29 42
61 111
81 56
103 125
23 120
100 30
34 25
40 81
13 22
18 62
56 97
37 93
71 78
36 93
120 16
17 125
36 97
91 23
11 21
101 117
80 112
105 39
27 106
97 53
79 51
102 93
113 64
122 9
53 91
71 72
84 79
61 87
54 54
39 121
125 54
24 69
77 115
10 108
95 10
105 62
20 44
118 31
107 98
59 67
118 11
123 80
27 113
98 95
8 63
72 60
68 83
107 101
91 48
104 120
24 68
84 69
69 50
42 31
91 18
122 18
19 43
99 36
92 45
70 102
58 32
47 4
100 55
83 63
117 43
65 85
60 79
64 19
102 121
20 14
70 79
122 67
68 118
115 55
44 46
81 94
67 99
45 31
48 72
97 49
102 112
68 80
48 43
65 97
84 7
121 78
17 33
58 97
64 121
86 19
55 54
7 40
96 86
82 40
102 16
63 14
62 121
61 122
30 59
9 58
111 15
7 9
90 55
3 19
19 15
110 28
100 90
55 36
74 59
117 123
40 103
52 100
94 11
19 14
1 51
91 43
46 94
115 64
50 1
96 44
56 52
16 42
17 101
86 79
74 98
79 67
5 83
93 122
95 89
51 110
80 91
41 26
48 10
16 73
13 116
30 88
60 31
59 74
11 96
121 37
71 35
118 27
65 47
115 110
105 45
115 43
21 51
18 29
112 108
3 21
107 123
44 109
78 59
50 48
82 96
23 39
108 68
50 60
113 32
18 85
66 40
2 40
58 105
84 10
123 26
66 20
106 6
60 87
24 75
84 124
65 92
26 99
93 78
27 13
66 13
122 14
115 70
36 58
33 7
83 38
67 97
9 70
7 55
42 68
16 40
88 61
87 100
48 125
65 59
84 90
116 81
14 101
116 104
55 13
104 39
116 95
18 38
69 104
4 38
90 45
109 1
45 45
76 11
44 73
88 115
60 63
49 105
57 7
91 75
28 100
69 17
13 58
50 29
114 101
30 93
4 9
101 73
39 27
64 18
72 43
1 89
30 29
115 10
45 14
83 81
112 34
61 58
89 29
1 38
120 18
111 74
54 100
29 123
22 47
99 109
80 3
32 13
41 25
18 82
59 121
67 66
26 87
3 52
59 14
62 44
76 21
95 19
73 81
18 60
85 32
103 113
113 107
97 26
114 2
66 18
67 25
41 120
46 76
87 14
125 119
115 113
124 29
44 32
45 52
97 5
103 29
98 103
124 82
56 121
15 62
29 61
27 50
27 28
67 125
97 8
86 67
26 10
94 100
60 118
69 115
43 116
52 16
89 53
42 107
32 3
95 51
40 68
22 112
44 87
19 11
100 88
63 58
107 28
104 66
31 91
34 116
39 103
6 84
65 68
58 63
13 119
10 8
105 110
102 9
62 37
70 41
96 96
82 25
81 16
88 92
22 125
54 105
108 103
47 49
70 82
37 115
28 33
120 11
116 83
22 29
72 6
13 56
81 41
66 35
48 92
20 123
98 26
101 35
22 104
107 6
115 29
56 68
13 39
22 12
39 73
51 41
25 80
91 13
115 94
106 121
94 121
32 70
125 30
25 54
57 57
40 41
68 45
5 3
122 102
112 58
56 22
41 91
31 72
14 123
6 64
110 62
73 116
72 54
59 17
62 32
71 119
97 50
105 122
46 121
59 73
124 113
40 82
99 31
4 4
25 15
117 98
35 56
32 88
36 25
15 54
37 118
22 68
18 31
88 108
61 123
108 27
117 76
18 102
4 96
93 102
60 3
48 60
88 11
91 15
118 17
2 74
6 3
35 114
118 63
117 89
5 30
80 77
16 61
80 50
109 124
29 44
98 77
114 25
53 59
73 113
77 125
22 40
9 25
33 25
84 14
12 77
104 44
56 82
114 21
87 122
96 74
120 91
109 45
77 102
97 23
43 24
83 103
7 107
121 2
120 15
124 91
79 48
49 32
120 75
80 68
27 55
1 42
115 124
49 46
100 87
76 95
102 63
122 105
26 84
25 19
101 98
91 30
74 57
64 52
35 106
67 4
60 84
1 53
28 105
95 60
66 101
71 45
65 72
21 43
93 117
67 23
98 113
29 103
88 118
108 9
113 30
39 96
102 35
121 56
121 123
112 30
7 44
42 74
37 10
45 117
48 4
2 35
6 93
32 64
110 53
31 48
101 95
83 45
82 74
114 13
52 36
20 104
60 92
51 58
3 123
81 52
94 111
97 116
68 106
33 81
36 104
77 103
16 54
108 84
65 9
79 101
3 50
32 38
37 59
106 122
117 18
81 125
91 103
3 89
2 79
79 82
99 116
33 68
26 122
113 113
118 60
5 63
121 86
92 18
67 106
92 41
82 68
14 15
13 34
74 37
103 121
114 88
81 100
73 99
90 18
65 7
50 16
6 46
29 120
64 64
30 56
111 124
24 4
47 46
25 20
42 65
39 49
24 109
26 70
112 16
5 32
21 118
71 77
13 43
110 87
9 63
16 87
93 35
105 102
52 96
43 125
2 58
68 70
79 59
32 9
62 24
119 7
48 29
121 60
54 51
23 115
49 92
64 108
4 121
99 115
122 93
33 14
26 62
117 47
29 52
5 118
114 83
35 105
103 18
113 65
79 85
13 108
88 52
70 125
35 119
113 104
71 19
42 56
21 117
18 95
28 4
45 77
68 62
101 120
7 96
103 28
53 75
94 108
69 87
22 111
21 28
55 76
63 4
8 23
87 68
82 125
61 64
85 120
14 105
11 114
95 2
55 51
58 7
27 107
92 43
121 85
82 114
93 119
92 6
3 37
72 18
96 82
96 79
27 112
112 78
113 59
82 54
40 29
102 32
23 114
122 11
41 35
124 81
36 37
7 63
2 45
19 76
57 71
105 17
70 109
85 51
106 101
2 66
75 75
107 100
111 84
33 33
104 28
46 77
68 31
43 56
86 86
42 55
66 109
116 86
77 101
9 14
1 113
93 14
97 101
24 84
69 63
33 92
77 40
94 24
19 92
81 77
32 113
124 62
27 123
102 38
39 115
84 78
11 30
88 107
8 32
81 70
113 29
95 27
125 33
44 10
100 67
75 22
49 120
118 64
30 63
53 35
38 31
53 69
50 12
63 77
56 70
28 68
116 123
105 41
18 13
108 110
97 36
33 125
120 35
101 41
38 20
61 24
16 119
91 83
83 71
94 102
6 28
104 56
67 81
44 88
18 113
51 30
16 19
6 69
89 30
40 111
78 27
31 36
118 125
82 121
74 94
75 34
112 114
100 47
83 34
93 1
109 110
35 42
36 124
6 103
72 13
99 68
63 98
42 87
17 102
89 9
83 114
89 84
50 15
62 83
101 122
48 5
71 59
60 35
23 8
122 28
60 19
98 64
52 81
102 15
44 103
29 106
3 93
90 83
30 28
122 35
63 43
81 75
76 88
104 58
15 86
109 64
79 28
29 87
65 3
82 31
50 39
56 92
80 14
124 74
40 33
61 5
22 26
50 77
106 106
84 68
4 72
33 48
122 100
28 116
32 30
52 67
23 40
101 123
118 18
109 15
71 48
64 114
58 16
13 60
101 91
50 69
55 89
4 87
63 107
74 39
23 76
55 19
95 97
46 81
125 105
104 1
45 2
30 71
108 23
39 89
71 95
101 42
20 27
114 29
11 45
61 93
75 4
74 97
68 94
102 49
84 33
81 109
45 40
82 85
36 2
75 95
64 82
50 117
45 114
125 60
71 85
72 1
77 9
43 93
112 65
76 51
23 5
95 114
86 7
11 74
46 83
29 94
93 15
101 36
115 84
73 28
9 60
71 82
76 50
27 58
121 84
83 79
33 57
80 8
21 111
68 121
44 8
2 39
108 36
8 27
101 34
114 38
66 115
28 74
75 105
7 26
64 119
40 99
75 68
79 113
1 18
88 98
19 83
8 37
106 89
74 60
117 117
71 26
7 1
2 31
35 67
117 75
87 15
44 30
18 59
19 31
12 41
62 119
109 106
32 37
22 94
79 57
82 84
70 37
26 51
9 45
7 17
6 19
30 52
66 17
14 33
29 20
118 62
2 24
54 9
88 121
125 12
113 63
109 49
86 124
106 36
23 87
38 118
87 69
31 85
71 100
5 112
120 101
3 24
85 45
10 42
65 58
37 94
106 19
23 118
83 65
122 117
98 112
18 124
124 80
15 14
4 122
65 118
24 3
75 44
25 64
4 55
19 18
86 104
119 87
103 58
125 125
103 116
73 20
75 23
62 123
80 51
88 93
16 9
73 2
89 45
30 89
72 14
61 95
44 90
31 107
54 120
80 80
54 103
43 61
63 54
45 10
102 13
67 58
74 47
97 113
102 97
104 54
123 125
39 63
111 107
19 3
33 108
40 37
41 82
121 27
61 73
3 17
79 118
67 35
19 46
115 67
91 94
16 11
78 66
90 114
112 60
97 100
50 95
99 1
109 96
67 78
3 66
104 22
68 56
85 21
40 76
57 122
42 113
64 116
94 57
97 65
48 52
87 114
77 43
18 17
85 88
101 121
119 46
80 97
55 111
34 9
109 21
24 95
76 30
37 65
5 113
6 8
22 77
67 56
117 34
121 43
22 15
67 62
57 49
66 120
79 69
108 87
61 120
38 64
8 5
20 62
16 110
78 65
113 77
14 76
85 106
98 52
119 19
44 124
41 69
123 42
112 33
87 36
14 62
114 4
20 13
33 4
38 53
56 35
83 42
38 94
94 63
79 105
58 29
51 67
16 66
108 59
53 52
113 69
86 75
55 117
29 84
43 52
5 77
112 26
8 44
84 3
62 120
5 10
33 116
10 105
68 77
65 52
125 102
17 89
70 6
68 61
5 97
62 39
20 66
45 88
36 125
4 19
82 49
106 82
34 75
26 98
75 116
77 3
112 89
32 121
111 99
15 71
101 40
80 44
76 39
53 6
122 73
5 56
44 60
92 96
121 42
46 87
28 102
66 116
115 85
106 59
70 27
89 119
74 89
31 86
16 32
122 69
64 93
61 4
107 44
48 99
22 11
39 9
29 55
89 31
100 72
65 1
96 104
15 7
73 3
55 63
71 58
58 52
32 8
30 107
107 5
102 30
28 73
48 117
118 36
26 64
38 115
51 118
3 16
22 37
34 56
108 44
81 15
94 113
67 124
82 48
3 13
116 71
80 54
72 99
98 4
67 13
76 123
80 24
110 25
1 8
69 93
61 35
14 14
78 25
22 52
54 99
56 30
53 106
60 50
24 15
87 8
90 31
3 90
18 21
89 42
60 34
2 44
82 98
93 17
42 62
16 60
44 98
2 70
55 66
4 31
9 48
80 34
87 27
49 24
28 92
57 2
48 41
33 46
72 76
66 44
36 73
99 67
102 88
26 54
6 110
117 57
7 2
76 81
121 66
53 88
68 104
96 57
17 29
58 53
75 43
5 38
20 19
19 81
69 102
51 112
49 96
91 17
39 8
14 81
84 92
27 64
74 32
20 109
125 113
116 2
93 93
51 97
56 69
25 23
6 45
76 13
62 114
76 71
50 57
66 22
2 117
100 29
63 17
111 37
103 67
76 83
43 68
96 119
5 20
65 8
93 116
117 19
44 79
13 118
55 38
39 33
7 57
44 49
5 54
122 107
1 121
81 71
113 109
119 113
33 36
27 73
114 125
13 87
15 2
