63
63
31 33
54 15
52 2
38 32
29 61
13 9
26 57
24 1
26 55
62 62
57 46
32 33
41 33
62 16
28 59
18 55
52 43
35 57
5 29
19 58
55 13
38 46
25 58
21 61
30 9
31 43
10 22
23 16
50 25
44 3
21 59
52 38
44 15
34 6
53 40
54 1
27 11
1 38
60 15
18 62
56 62
40 18
4 60
25 1
26 40
13 3
47 10
15 28
61 22
55 7
60 1
37 28
18 43
13 11
16 23
40 40
45 3
37 48
12 40
62 15
9 16
49 42
23 51
22 27
15 43
43 35
38 42
50 28
45 9
44 16
44 41
19 24
34 16
18 57
49 13
52 9
45 43
14 8
25 28
1 45
53 57
12 62
7 6
11 34
56 46
16 21
61 34
10 62
3 6
14 6
46 2
9 25
42 38
27 50
38 1
6 9
8 52
55 8
7 35
36 54
56 11
57 50
22 63
7 45
43 44
57 32
53 4
46 51
1 50
29 12
2 37
22 59
53 45
12 45
18 32
9 14
23 24
54 48
34 42
54 19
48 23
60 40
31 48
1 53
43 50
32 9
19 3
24 42
2 2
36 21
29 56
50 8
12 15
24 20
40 59
5 4
34 27
61 60
48 28
58 47
2 25
42 28
6 30
49 10
16 57
49 57
52 20
19 22
36 38
7 39
30 11
22 9
15 40
18 20
18 29
19 34
60 49
63 27
27 47
50 58
37 17
59 23
48 7
57 26
9 46
10 13
56 28
32 41
22 16
44 6
53 61
57 19
20 25
4 13
32 42
41 27
22 23
33 39
23 37
27 38
13 50
62 14
47 19
18 30
6 22
37 34
52 62
51 35
24 7
58 13
2 16
53 24
48 24
2 47
30 18
14 9
56 8
28 26
1 41
10 3
38 18
55 33
9 2
17 28
10 23
31 29
10 38
18 42
26 14
2 62
28 57
61 58
61 43
1 62
59 13
21 15
36 26
6 37
51 52
59 1
5 11
12 1
38 60
60 46
25 19
26 43
12 55
36 49
41 41
17 16
60 18
24 60
35 61
11 31
41 56
11 9
54 24
58 52
37 8
18 6
4 54
53 22
23 5
58 8
20 27
50 43
16 33
56 4
39 8
19 29
42 35
36 61
47 13
17 32
6 16
5 56
58 7
36 6
51 59
7 18
16 34
31 35
35 42
19 31
17 36
21 11
59 45
34 47
60 51
33 49
52 15
42 29
60 9
17 50
35 26
20 46
36 11
23 59
18 46
44 56
7 13
57 59
20 44
8 3
54 51
33 57
54 58
37 47
7 33
17 26
35 27
48 3
29 20
40 15
23 62
63 45
22 58
23 8
46 13
4 5
23 57
54 4
21 36
53 52
39 38
48 33
56 17
35 20
60 39
39 44
54 20
44 29
6 60
8 60
47 53
32 43
31 20
17 5
46 27
12 47
34 17
61 54
32 21
54 49
9 5
20 28
53 26
54 11
38 39
48 17
31 5
1 49
54 54
35 58
50 18
43 40
16 14
62 63
38 23
21 26
8 20
32 60
26 33
60 10
24 47
35 47
15 13
41 14
24 29
16 44
54 7
28 51
55 9
32 54
3 7
15 15
59 62
25 27
19 5
25 46
51 29
62 10
33 48
50 46
41 24
61 63
61 18
14 7
20 24
35 25
3 39
43 18
38 19
57 15
55 51
60 60
42 32
43 56
36 44
18 41
49 48
37 22
62 34
27 55
50 61
45 41
15 42
63 1
19 59
15 41
9 49
63 32
10 17
1 36
11 50
2 52
48 13
1 3
51 48
9 20
36 20
3 1
36 51
10 52
20 57
36 1
1 27
46 61
60 37
8 9
4 18
16 36
16 15
55 59
51 24
23 53
32 5
7 22
38 30
44 60
57 2
34 2
35 18
14 11
27 58
57 61
57 17
20 45
35 6
39 46
40 10
16 59
13 51
26 42
26 2
62 54
31 55
53 12
35 31
35 21
39 42
2 28
31 14
31 27
53 63
52 56
9 53
40 36
49 21
4 63
7 8
17 44
58 49
48 10
60 56
30 52
13 57
3 32
39 52
6 8
7 30
12 35
29 28
39 7
10 36
39 30
10 9
18 45
51 12
23 44
45 20
59 35
52 24
41 62
2 42
31 54
7 40
6 4
58 21
38 36
22 8
60 26
59 53
34 34
9 4
4 1
42 59
35 50
2 20
53 53
49 20
38 51
42 5
36 43
50 51
20 56
49 6
40 3
34 18
3 62
16 1
54 59
61 8
33 28
55 16
37 12
62 42
47 35
38 43
8 6
51 45
3 56
52 53
31 49
58 45
47 46
30 35
63 52
46 24
30 26
59 3
48 41
45 38
9 34
62 9
39 27
52 34
45 47
25 20
42 22
52 36
53 48
63 58
42 57
19 55
53 50
41 2
61 29
59 32
7 21
52 41
44 5
34 59
7 4
54 41
57 42
11 3
1 59
24 18
45 44
61 14
34 20
35 54
51 44
40 46
6 13
15 1
61 16
26 46
48 25
47 39
11 54
54 18
49 33
31 56
19 10
23 58
19 50
21 55
37 20
54 55
39 17
51 60
62 53
35 19
19 40
2 33
23 7
16 8
30 45
36 35
21 46
35 63
36 2
28 50
18 16
26 20
5 62
34 35
61 32
19 6
63 20
52 40
14 60
54 50
62 38
62 44
24 2
34 56
40 49
40 52
5 63
34 1
40 38
63 23
47 56
44 32
50 15
41 10
1 61
45 56
15 23
9 35
29 24
48 12
22 20
9 39
17 43
18 10
62 23
63 18
8 26
10 26
62 36
23 15
49 41
13 5
52 35
57 44
16 18
32 32
59 27
5 26
13 63
43 27
42 33
38 55
39 11
42 34
35 13
37 27
39 63
39 41
26 53
12 20
31 21
32 19
43 26
3 14
10 57
42 11
1 60
16 56
44 2
8 43
21 62
62 24
22 29
9 41
29 48
59 16
27 45
51 40
14 54
59 44
39 62
61 17
51 20
5 14
34 50
26 35
55 18
33 37
31 1
10 47
45 48
40 61
2 63
22 26
24 13
8 51
28 7
22 43
6 26
8 18
62 18
14 55
28 13
57 54
36 27
37 2
34 31
28 12
9 24
33 35
28 18
44 46
12 32
28 23
32 53
52 46
9 62
8 61
31 50
39 37
17 1
12 7
23 48
14 19
25 2
40 30
9 57
55 54
17 46
22 41
37 24
56 33
8 24
61 27
7 14
35 51
40 57
5 22
61 53
1 42
16 13
31 16
43 20
46 1
11 59
34 60
59 42
45 33
6 31
46 54
11 61
49 11
60 52
21 14
20 53
34 51
8 8
13 27
26 13
14 56
61 49
44 53
51 5
63 2
3 23
30 37
25 26
19 37
4 44
37 42
59 40
19 33
30 42
23 63
20 48
13 26
29 53
5 2
40 1
41 12
15 50
41 53
16 47
50 31
39 36
30 3
18 58
45 63
14 29
62 41
53 27
30 22
39 19
30 58
50 3
24 35
7 9
24 45
45 35
52 29
27 52
2 36
36 58
13 24
46 8
42 19
56 38
9 52
42 41
8 36
21 53
8 17
54 25
48 34
3 29
42 14
30 32
29 8
24 9
32 38
33 53
58 26
48 36
55 11
47 62
29 27
35 40
47 22
54 38
51 33
45 60
16 2
56 34
19 15
7 58
19 48
5 40
50 24
16 10
59 46
56 40
43 49
37 46
33 63
8 56
20 51
56 61
37 63
46 44
59 31
8 55
56 2
52 50
55 34
51 58
28 38
34 46
41 52
53 5
18 8
62 21
28 15
50 23
47 43
39 5
63 50
6 58
7 34
13 32
14 31
9 27
57 51
11 18
23 3
16 29
26 60
10 8
18 19
57 55
40 41
34 45
26 37
59 63
31 37
62 11
16 22
36 13
61 35
24 58
24 55
18 40
23 35
18 35
33 36
56 22
31 9
36 52
26 48
37 26
22 18
45 57
31 26
42 49
47 33
60 34
6 62
49 8
23 11
52 49
36 10
15 2
45 4
49 32
55 1
53 18
55 3
48 20
44 42
63 54
50 52
46 18
4 25
19 32
28 27
28 41
63 40
18 11
34 24
27 34
11 17
48 31
58 24
10 5
14 51
25 54
17 60
23 34
36 7
5 34
28 49
18 22
35 38
37 61
40 37
4 11
59 17
44 45
4 47
61 4
42 15
38 21
59 41
22 53
47 8
47 11
4 56
58 27
29 6
4 51
61 39
19 45
32 6
8 35
63 35
40 8
59 21
33 54
32 12
47 58
50 14
26 31
40 54
45 8
20 38
9 21
15 54
17 23
28 25
43 10
54 61
52 52
29 9
42 58
62 47
32 58
43 9
38 17
53 1
31 46
4 46
24 12
39 20
17 52
19 56
38 5
9 59
38 45
15 61
51 18
50 63
41 55
20 42
28 37
16 42
4 36
10 2
22 61
28 35
