63
63
25 48
35 15
15 40
47 47
46 45
52 46
52 32
53 49
43 38
33 5
4 62
59 38
33 55
43 14
40 18
32 53
38 17
21 42
27 15
32 56
49 53
54 10
18 3
3 56
60 55
4 63
17 28
63 45
22 62
3 49
7 3
48 9
37 26
48 18
32 4
27 41
58 11
29 50
18 57
47 44
22 17
23 36
48 34
54 21
21 38
48 10
58 1
40 2
56 34
49 57
27 8
43 35
57 18
26 52
26 50
37 6
22 5
35 42
55 47
15 16
24 25
60 7
49 55
9 31
2 4
10 27
29 10
10 4
1 47
62 56
53 19
34 34
1 63
11 15
17 40
14 28
61 63
21 16
48 17
40 10
25 62
32 55
13 21
60 45
18 33
57 40
10 52
14 61
37 59
47 32
36 6
45 46
54 47
6 8
6 17
20 25
7 18
43 12
63 14
23 12
54 44
37 25
29 18
54 48
27 36
24 6
8 3
33 31
16 55
25 12
22 40
15 23
13 38
63 4
53 57
17 39
40 26
56 41
32 43
40 4
22 15
38 21
35 25
21 39
19 23
26 33
60 51
52 3
31 59
35 5
61 50
47 51
10 9
45 30
57 39
60 34
37 41
22 35
61 42
41 41
38 60
7 48
45 29
59 40
63 3
38 7
25 9
49 19
8 11
47 39
23 29
31 33
15 59
42 61
46 49
43 1
9 12
39 11
29 42
17 3
16 41
41 62
23 62
61 6
60 49
38 10
24 15
13 29
4 50
34 15
11 1
44 50
44 51
8 57
36 35
50 61
17 51
10 38
9 41
7 38
62 51
25 26
35 23
36 22
33 39
23 37
22 49
11 30
35 1
11 22
12 33
62 10
41 60
30 28
2 30
8 29
51 30
54 28
63 17
32 26
13 41
5 22
57 5
4 34
19 31
6 16
38 8
9 63
5 26
20 1
29 23
32 38
42 53
49 12
16 47
48 59
63 32
35 10
40 41
61 44
6 38
56 56
29 62
15 39
56 10
24 60
11 58
49 56
4 47
43 49
63 63
33 2
39 14
9 28
52 13
62 54
61 62
44 12
39 48
44 39
14 2
56 14
57 21
32 9
17 7
3 44
48 23
54 40
21 60
34 53
43 25
27 35
60 42
56 54
58 48
36 38
33 9
14 20
16 52
52 5
15 25
44 38
31 34
13 11
26 55
54 3
60 47
10 58
31 14
34 48
24 14
6 7
51 33
52 55
27 21
49 18
8 54
3 52
43 40
58 35
2 12
39 40
33 61
40 44
26 19
43 28
54 2
3 43
32 45
58 18
39 32
42 6
5 12
4 4
38 11
30 31
56 47
32 49
59 15
38 35
6 37
63 40
9 39
51 4
4 20
11 14
25 7
28 49
60 60
38 50
36 63
1 57
4 25
24 33
31 50
35 38
18 28
43 23
62 25
12 9
62 28
39 34
63 8
12 36
49 36
1 19
57 2
12 7
34 7
23 25
21 33
52 21
52 11
45 42
19 56
28 45
19 28
53 46
45 38
48 13
51 9
18 56
35 49
45 25
3 21
35 11
28 8
45 36
37 55
32 57
16 45
34 5
34 26
29 21
36 57
34 62
59 22
11 25
51 5
4 52
34 52
27 52
39 12
12 16
24 20
58 34
21 18
1 50
47 27
43 11
41 21
18 35
15 13
55 14
18 14
3 9
22 46
14 21
26 49
26 8
26 17
21 6
2 38
7 11
50 13
12 8
59 58
44 19
39 18
59 60
21 9
56 7
19 44
39 63
45 53
62 37
61 19
6 23
2 46
24 34
27 53
14 48
53 16
19 16
28 12
37 17
12 41
43 54
56 22
39 26
28 22
60 8
23 21
4 43
58 49
30 50
26 34
14 56
1 58
26 1
51 50
34 28
48 38
25 5
34 37
36 40
16 56
42 35
18 21
22 13
32 42
34 35
14 10
59 26
44 10
18 18
34 39
7 35
31 52
51 26
45 43
38 59
44 62
37 50
52 40
53 62
9 7
4 21
55 8
6 43
18 4
34 10
19 54
13 8
58 2
15 3
53 24
20 55
44 29
27 11
12 32
8 42
60 14
51 3
11 63
10 21
52 9
29 5
19 27
33 34
4 33
35 19
26 31
8 52
63 58
33 21
59 39
2 25
34 29
55 44
49 52
30 39
2 52
30 13
12 15
23 10
54 41
21 1
60 30
56 16
25 59
31 7
56 6
62 11
50 1
30 23
19 2
13 59
62 34
57 51
4 12
56 36
47 5
42 50
10 10
34 11
33 6
38 58
22 2
50 46
23 30
53 7
59 10
18 40
7 14
49 17
48 39
55 58
23 5
54 33
9 57
54 34
23 6
46 34
1 23
62 29
26 60
33 14
8 59
23 59
33 41
22 57
6 27
26 15
15 11
30 61
29 6
61 40
37 20
49 42
23 26
51 37
52 31
48 21
43 4
41 39
4 58
32 24
16 19
57 10
25 56
41 55
30 43
2 63
57 26
40 34
42 60
53 11
25 36
1 6
30 32
61 20
19 32
45 21
19 3
55 29
9 32
46 14
10 53
19 1
19 57
21 37
42 63
54 5
29 4
5 10
28 35
30 1
5 58
50 23
39 46
22 31
57 63
38 55
62 49
25 34
33 17
62 7
53 58
18 42
19 35
45 54
11 52
36 52
25 2
13 15
50 63
13 35
50 59
10 63
33 35
3 33
26 26
18 31
7 61
55 54
45 41
44 46
10 8
21 8
42 22
23 22
50 17
11 28
7 46
15 41
16 7
59 4
63 9
24 37
29 31
29 37
38 37
59 44
27 4
40 15
48 35
10 60
56 2
42 46
40 59
31 20
33 62
10 30
42 19
37 60
55 4
24 56
38 30
2 8
8 7
21 58
51 61
33 45
22 59
46 7
29 14
10 48
25 22
15 43
35 47
44 57
17 41
48 53
18 43
56 9
4 23
57 29
40 43
39 30
37 16
63 24
44 4
59 57
50 15
2 36
10 11
50 43
30 4
36 9
50 22
33 37
20 35
28 15
41 45
53 13
13 28
12 60
52 14
26 48
9 62
57 52
1 43
32 31
33 4
21 61
56 58
56 38
10 24
25 60
57 6
22 16
22 47
10 35
23 44
42 1
31 19
8 39
23 40
33 28
49 47
9 30
20 57
58 42
42 29
21 55
60 53
10 55
7 19
4 60
13 44
20 24
58 53
11 36
26 51
29 49
25 39
6 9
9 8
2 24
61 56
23 53
38 42
18 19
49 40
23 52
46 39
29 1
48 8
8 53
35 63
63 33
8 16
27 31
63 29
62 12
13 2
2 43
27 33
7 40
19 33
41 34
39 16
28 3
43 58
63 19
56 5
51 6
42 25
9 24
39 43
62 44
26 22
20 39
41 37
51 59
40 30
1 8
3 37
62 42
27 56
59 49
46 60
16 28
52 42
36 59
53 37
30 60
12 34
18 29
50 14
4 36
9 61
45 52
12 22
41 5
44 35
15 54
63 10
2 49
2 11
7 12
53 22
25 25
36 13
49 26
37 13
62 57
50 50
54 46
2 5
49 31
17 25
30 2
28 57
25 58
44 9
31 22
39 57
45 33
13 50
50 39
7 50
58 44
1 46
13 46
23 2
50 5
27 30
1 20
2 23
3 45
56 30
10 3
30 33
27 6
5 24
14 30
22 42
46 25
47 46
31 28
58 24
4 30
49 37
38 13
15 38
49 50
6 34
39 39
1 10
19 46
38 29
32 30
56 48
29 55
55 51
23 9
24 45
49 20
13 54
58 7
61 3
14 32
42 32
21 44
46 58
47 14
34 36
51 17
59 34
60 6
39 25
34 43
5 49
44 36
54 29
41 12
55 3
25 44
20 41
49 38
57 23
18 11
6 48
48 44
59 9
13 4
11 6
5 3
8 35
7 44
11 56
12 19
49 29
18 37
59 31
9 58
47 34
50 33
55 39
29 40
4 15
9 42
31 23
50 26
20 19
18 41
47 59
48 4
3 51
26 25
39 55
30 38
58 54
47 20
60 23
44 63
41 33
37 5
21 25
54 50
30 56
30 21
25 4
44 53
20 60
62 46
6 24
55 7
40 56
5 1
52 63
35 24
12 52
62 41
15 18
20 62
15 53
15 50
56 28
56 59
24 41
38 45
41 51
59 25
14 46
45 19
55 57
6 55
12 59
1 61
4 7
60 52
36 60
8 41
35 50
18 8
43 31
18 55
43 3
62 14
45 45
45 11
28 44
22 4
59 54
39 5
23 50
13 57
16 63
43 15
60 22
33 22
47 52
11 35
30 58
23 58
39 21
46 40
53 45
27 55
28 29
62 27
9 5
53 20
36 10
14 22
31 18
53 4
39 58
45 59
61 18
17 55
46 48
61 21
14 15
26 41
10 16
16 49
41 19
44 2
32 27
18 13
59 33
17 26
8 34
3 26
16 59
31 8
47 37
32 54
42 11
6 11
55 23
33 15
25 29
48 60
17 19
17 49
4 31
3 1
8 2
19 62
9 11
5 63
28 63
50 12
6 6
43 8
5 41
44 7
23 35
61 25
23 38
49 34
11 40
7 13
6 40
24 38
63 55
24 35
11 47
49 6
48 32
61 47
2 35
44 27
31 37
10 6
30 14
25 43
26 23
39 56
12 47
46 17
53 41
46 8
13 27
7 25
15 62
42 56
17 38
37 21
16 58
4 8
21 36
49 21
48 40
39 52
24 4
44 15
61 23
55 10
36 21
16 18
52 22
48 41
25 23
20 33
59 45
13 13
47 54
55 35
39 20
3 16
27 1
50 57
39 50
51 54
50 42
35 14
11 55
5 31
40 47
32 12
7 23
32 41
30 25
37 9
51 57
22 7
30 26
61 2
27 47
55 15
53 15
35 51
41 8
24 9
10 49
39 37
41 27
36 27
12 44
14 18
14 53
49 22
47 6
6 53
25 46
21 19
42 59
25 61
27 58
28 1
15 24
3 24
28 59
33 51
13 33
49 2
2 37
11 26
47 30
14 31
46 21
51 47
35 54
2 26
30 9
57 42
36 25
56 40
24 39
29 2
13 51
36 26
47 63
2 47
41 9
38 34
3 46
24 50
14 59
16 50
39 22
39 53
15 8
34 45
21 10
4 29
46 11
53 60
39 10
34 14
28 40
34 57
1 34
25 30
34 46
61 35
1 41
8 61
37 53
22 54
4 53
27 16
42 21
28 55
30 34
26 43
20 49
29 38
38 39
18 6
59 29
7 10
20 63
56 46
1 3
48 15
16 29
62 30
51 35
2 48
49 43
61 4
54 52
40 40
54 62
41 44
17 43
27 62
41 53
4 3
62 3
6 60
20 11
57 45
36 8
15 47
52 6
59 55
29 9
30 18
62 22
17 57
22 12
35 7
2 45
27 29
19 17
31 58
7 43
10 5
18 24
16 60
21 15
27 38
63 56
52 37
33 49
51 39
61 32
9 37
35 31
26 59
33 44
5 15
11 41
7 42
17 21
40 60
49 28
46 44
9 23
6 21
22 1
1 22
55 43
27 39
58 41
26 12
62 50
43 63
14 55
41 43
39 45
27 48
39 60
54 6
5 39
37 54
33 16
35 13
30 29
29 59
9 2
60 56
19 29
12 10
19 49
33 20
46 13
61 1
17 31
16 20
38 27
5 29
48 63
56 39
31 1
34 41
37 34
54 26
38 4
56 21
58 28
34 19
37 8
41 4
63 31
6 1
56 12
51 43
32 22
5 44
3 23
6 62
32 32
63 57
23 48
40 38
2 10
61 9
2 51
18 46
10 13
15 45
9 54
30 41
33 18
16 44
9 26
8 27
45 26
11 10
25 47
37 12
50 8
4 22
29 58
9 21
26 9
36 34
11 60
43 36
15 31
32 21
24 32
16 22
53 23
47 45
5 33
13 49
49 16
11 59
18 47
4 55
63 28
2 41
58 30
41 11
48 37
43 17
17 24
60 1
1 29
10 22
56 17
20 30
56 37
19 53
47 18
13 22
51 56
38 22
63 22
52 25
15 52
24 51
17 56
41 18
51 8
38 46
9 20
32 40
53 30
14 5
48 54
2 54
32 20
13 6
4 16
46 15
24 53
11 50
20 22
43 7
30 19
41 22
1 21
54 31
30 49
33 38
59 23
41 50
62 45
6 3
1 28
28 62
17 29
49 8
44 16
34 12
30 27
22 30
57 38
21 22
21 30
59 1
61 38
62 19
5 20
15 44
21 12
53 26
26 63
20 43
14 6
9 56
21 62
16 33
1 44
36 12
22 36
42 55
31 26
12 56
32 11
29 36
39 44
58 19
5 27
5 51
6 31
13 9
54 17
2 6
44 8
47 61
17 27
6 39
55 16
7 20
20 47
44 61
55 1
11 16
2 27
2 59
21 28
28 37
5 38
34 51
56 51
6 10
5 55
17 53
30 47
59 5
13 5
36 47
50 40
48 61
5 45
42 62
14 26
10 54
17 63
9 45
35 55
33 63
19 60
29 20
23 15
18 38
60 25
5 8
6 14
56 24
38 26
7 34
15 22
39 23
45 49
39 28
25 28
23 61
56 13
25 32
40 19
1 36
58 22
29 27
13 31
9 50
22 52
14 57
30 54
35 43
18 34
1 15
20 8
19 42
59 59
54 43
16 12
16 2
19 25
53 27
30 42
26 53
49 45
29 39
15 27
6 44
47 57
24 63
23 8
60 37
58 46
50 49
54 18
36 14
16 53
38 47
62 20
54 36
3 36
4 61
52 30
15 58
28 26
1 2
11 45
39 42
11 20
19 20
15 19
7 24
21 20
21 56
6 59
47 43
49 63
10 18
21 54
63 52
46 9
20 27
34 56
49 9
23 33
23 42
3 54
23 31
7 62
17 46
48 49
25 17
50 52
29 44
34 59
4 27
34 25
13 52
6 41
38 36
51 62
43 48
61 10
10 25
7 7
1 55
3 6
33 50
40 45
61 17
45 8
24 10
3 63
27 9
36 39
51 31
6 61
23 4
2 29
6 28
16 24
30 16
41 47
12 57
49 44
46 16
15 57
25 41
60 20
34 50
31 25
20 14
6 42
28 33
15 30
12 13
28 9
25 54
57 46
44 23
46 63
32 37
46 38
57 44
34 9
10 51
43 51
42 13
53 5
31 40
50 62
42 39
14 4
53 2
5 7
8 12
19 10
47 8
5 4
10 43
47 24
42 10
46 1
40 17
8 37
34 44
40 53
35 33
21 31
22 32
23 23
58 4
42 48
36 53
9 38
30 45
52 16
44 28
2 61
16 11
2 14
58 10
61 58
8 19
55 59
13 63
58 8
35 22
33 11
33 3
62 35
42 36
30 57
54 19
14 50
57 28
2 31
17 8
57 33
7 51
15 42
52 39
7 15
62 21
42 2
27 12
52 43
29 22
57 27
15 48
3 62
11 44
50 31
55 28
25 24
11 8
12 27
13 12
28 2
59 17
8 62
20 45
59 47
32 2
60 41
19 21
36 58
47 22
56 15
50 27
20 34
21 21
63 6
12 11
41 57
40 51
24 1
37 51
30 55
8 58
31 12
20 56
10 14
44 34
28 5
47 13
42 33
63 46
32 13
37 61
36 31
15 56
45 14
44 44
2 62
3 32
45 50
43 9
60 32
11 5
7 31
40 39
57 16
62 23
24 22
20 17
32 51
13 32
21 13
19 50
48 55
17 62
4 11
49 13
35 40
21 51
5 19
6 57
11 29
9 9
49 27
51 14
56 61
59 21
46 6
25 42
48 57
55 32
3 48
9 49
35 12
13 16
5 30
52 45
24 18
58 31
24 47
17 44
33 43
24 44
32 6
15 1
40 35
57 35
57 55
26 13
1 26
20 48
34 23
4 28
26 58
31 6
54 16
63 50
9 52
46 41
27 7
58 43
47 15
59 24
42 30
4 24
27 60
13 39
20 28
29 17
30 62
15 2
26 37
47 23
17 36
41 30
31 62
17 59
31 57
14 62
18 5
52 17
12 43
8 40
62 39
51 27
13 30
19 41
39 62
36 32
2 16
53 40
3 53
55 21
53 48
37 58
3 17
5 62
30 44
62 61
55 31
39 41
53 36
31 17
62 63
27 22
26 32
27 19
44 40
12 37
58 63
12 51
47 21
14 8
41 17
22 55
19 45
25 31
62 6
3 19
52 1
55 26
63 43
49 62
35 3
37 38
62 31
31 51
7 36
19 37
5 56
40 54
51 25
35 37
49 25
7 27
32 35
31 55
24 16
46 20
17 9
35 41
57 11
47 17
24 11
11 62
17 12
60 63
17 54
37 62
39 9
3 40
47 58
57 41
37 48
35 59
51 41
6 18
52 27
53 17
16 15
34 40
63 2
14 17
37 2
59 6
32 33
33 29
60 40
6 35
56 57
12 20
34 55
23 57
11 37
26 30
21 35
57 20
26 56
43 27
41 24
56 63
45 7
17 18
12 3
13 7
45 22
48 19
7 53
47 53
11 19
58 57
51 19
26 29
32 36
30 59
5 21
40 55
60 9
34 27
3 42
3 58
6 54
49 33
40 49
56 42
20 23
57 54
18 10
14 49
39 2
63 7
51 16
52 59
62 40
45 24
20 16
24 12
52 8
3 15
61 26
47 62
1 27
14 9
60 13
27 61
3 12
57 7
34 17
31 10
23 11
13 3
50 38
12 6
60 10
43 56
41 25
28 58
25 37
43 39
3 31
28 27
27 2
60 5
24 58
53 51
30 35
49 4
8 36
44 30
19 12
52 29
31 45
9 48
19 4
1 33
4 38
18 49
56 55
9 1
45 39
46 24
57 56
35 8
27 14
4 46
1 1
41 46
29 24
29 12
52 35
27 44
40 58
26 18
7 63
36 7
17 17
49 30
30 20
38 51
51 28
7 8
22 29
50 4
51 34
13 14
36 16
35 18
8 17
