63
63
51 10
2 11
4 52
15 25
18 4
41 18
46 2
59 59
29 52
36 43
46 54
27 9
28 4
58 22
30 2
11 38
33 17
24 46
30 22
15 60
5 36
61 22
19 56
48 61
46 50
62 63
37 58
44 27
1 28
1 58
56 4
18 41
50 5
18 37
24 37
61 7
35 30
45 9
63 22
14 16
6 58
8 34
41 35
53 63
60 44
14 42
7 59
14 20
57 16
42 3
16 18
34 13
35 10
37 38
22 44
53 42
34 57
55 12
55 7
57 63
28 51
5 31
16 62
27 56
19 50
14 6
14 59
15 45
5 42
38 42
47 14
22 53
23 4
41 37
31 50
33 59
33 35
51 38
42 8
42 23
20 61
29 2
59 23
4 38
25 12
1 57
54 22
13 49
39 58
56 36
51 23
21 43
46 45
46 39
52 11
35 59
48 47
41 3
49 52
56 3
11 7
46 49
37 44
14 51
35 54
31 44
28 55
15 31
5 60
28 46
42 34
24 5
30 62
7 54
34 22
35 25
33 51
54 38
34 50
31 6
45 22
38 2
14 43
54 20
28 50
18 52
30 7
31 1
15 46
34 53
3 10
54 60
50 50
21 57
19 18
33 10
34 46
39 16
17 41
44 44
18 31
46 31
46 10
36 15
49 46
58 45
9 32
54 25
32 29
13 25
37 9
23 25
1 16
5 15
45 35
20 2
40 12
55 2
43 60
17 59
21 61
30 11
63 39
35 19
27 11
48 6
63 25
58 4
53 4
56 21
54 45
40 57
39 34
17 7
38 43
38 58
35 62
31 3
22 18
60 8
12 25
61 51
32 58
3 20
23 50
16 59
11 34
11 56
31 30
31 31
7 61
47 13
49 13
59 5
16 38
46 40
32 28
33 12
14 54
49 60
56 63
38 21
24 32
8 14
38 15
14 46
40 49
20 51
26 2
27 63
40 5
62 5
35 13
20 24
61 15
12 57
1 47
50 61
52 2
43 14
22 63
52 40
52 19
54 63
27 18
19 12
11 2
38 8
31 52
44 12
15 30
20 14
32 10
8 31
7 3
54 56
62 4
21 31
22 10
54 28
29 7
45 37
23 60
29 37
28 11
14 33
5 18
63 18
17 22
41 56
4 39
22 62
45 24
41 11
24 8
3 19
1 2
18 63
62 20
18 20
39 51
9 23
48 26
13 47
43 54
43 51
22 5
15 29
51 20
24 59
33 16
16 9
35 6
11 20
55 58
17 36
1 15
63 61
39 43
10 19
33 23
12 51
62 11
21 33
27 41
53 23
29 39
12 27
63 60
38 34
31 12
16 4
41 17
21 20
22 23
49 19
19 33
5 61
28 13
3 35
30 37
13 3
48 4
17 4
36 22
26 57
11 18
2 15
37 48
31 24
46 1
36 32
63 12
58 29
41 63
8 28
60 40
27 45
56 35
8 21
30 29
48 9
2 21
42 30
33 13
53 6
2 6
48 1
57 8
43 3
49 27
40 59
43 43
59 39
48 27
27 31
10 7
53 46
4 7
24 55
16 32
17 58
22 22
22 8
58 46
6 33
15 19
59 15
9 61
52 49
34 41
11 15
41 38
35 18
23 57
10 45
48 35
4 16
4 45
63 30
23 35
54 39
24 34
44 19
5 34
22 35
47 51
22 49
20 35
51 12
7 6
14 18
50 57
22 25
50 12
47 8
3 40
44 25
46 23
8 49
56 61
22 9
45 51
8 36
2 40
24 42
15 17
41 14
8 29
23 39
34 34
28 43
28 7
11 60
15 24
60 51
2 44
54 33
23 55
28 59
18 54
43 34
41 55
20 55
51 53
14 50
19 21
35 34
61 42
29 45
34 36
15 54
14 44
6 39
14 40
19 35
36 59
7 1
45 32
53 28
54 16
4 20
5 56
16 52
27 34
12 4
61 12
22 32
61 52
24 11
51 35
45 25
35 20
62 33
51 4
4 26
35 46
47 46
5 59
63 57
34 7
34 42
7 7
2 51
32 41
16 39
48 43
40 28
54 37
14 41
56 42
12 13
9 46
61 11
47 21
52 42
28 53
38 28
15 16
20 54
1 5
25 39
49 48
42 31
5 10
31 35
21 3
13 5
14 13
63 10
57 42
45 30
38 6
23 15
37 19
61 10
46 38
58 41
30 36
38 18
7 16
21 49
31 29
13 54
7 26
22 41
40 36
31 54
31 42
54 44
51 36
19 30
15 47
29 59
2 48
24 10
60 33
35 17
49 36
47 10
45 19
39 31
61 6
44 53
21 16
33 43
11 10
37 8
24 31
43 44
18 57
18 22
46 26
43 24
10 53
61 2
49 31
13 21
54 29
44 49
54 24
40 24
43 19
34 2
54 54
36 51
10 60
3 4
25 15
11 4
25 52
30 33
36 17
32 24
36 26
50 28
3 6
31 8
21 6
42 43
26 23
46 51
40 19
20 4
45 47
58 59
30 28
11 8
30 38
52 54
46 4
62 12
13 15
59 28
8 53
19 8
62 41
55 55
56 7
28 34
12 41
31 2
8 6
27 22
30 51
10 35
28 8
30 24
32 6
27 8
37 45
10 22
62 40
39 33
1 7
45 55
61 58
45 12
28 37
10 26
12 6
28 28
42 5
46 9
42 59
41 62
29 63
33 21
44 40
6 8
22 52
53 55
39 26
23 29
42 46
34 45
52 7
37 17
10 48
47 47
9 24
29 22
48 19
11 51
10 39
19 29
56 19
43 7
52 60
63 5
26 43
38 30
60 17
7 35
9 49
29 49
7 46
39 15
4 5
44 28
29 27
58 43
49 26
25 30
42 26
46 6
50 4
40 55
27 28
41 20
59 36
36 38
56 41
56 29
41 51
14 57
1 29
43 20
15 41
35 31
52 53
4 42
39 7
9 35
44 48
18 30
50 62
13 14
21 27
32 43
41 5
46 12
1 1
32 13
41 43
16 49
56 49
54 18
43 27
43 50
33 47
32 3
61 4
35 15
12 10
6 57
60 3
32 54
3 50
22 26
55 44
5 25
38 56
6 50
37 10
50 2
49 39
48 15
30 44
24 9
6 44
35 29
6 29
33 55
11 32
22 21
36 47
55 36
28 16
52 18
36 46
31 27
30 1
7 19
48 25
52 24
39 55
25 9
57 34
42 57
53 21
50 8
43 25
63 17
63 26
40 41
48 12
15 21
19 26
13 13
28 12
6 35
48 32
61 8
49 38
21 41
18 5
39 53
2 32
42 24
10 55
7 28
24 1
57 27
52 47
17 30
56 8
35 33
63 51
53 34
18 21
25 46
50 1
48 59
59 1
56 26
5 47
44 4
23 58
28 52
3 31
46 27
21 59
50 17
54 30
55 6
48 31
58 47
26 40
10 24
33 53
45 60
40 62
40 32
62 59
51 24
29 42
18 12
20 7
17 45
8 35
60 53
41 50
31 53
52 33
10 56
1 4
49 62
12 46
21 9
4 30
48 44
3 62
34 55
6 49
52 43
60 7
13 41
18 35
11 28
16 45
7 38
59 14
61 3
1 18
49 2
42 49
52 37
54 19
31 49
42 54
32 8
28 62
55 23
14 63
35 42
33 48
41 57
8 47
53 19
54 49
12 32
28 24
62 34
46 30
57 39
61 53
19 58
23 61
39 41
17 50
34 54
3 57
11 44
7 24
29 46
41 29
51 13
19 43
35 55
33 33
1 56
30 61
14 3
43 21
16 57
55 3
37 28
40 48
23 32
24 25
8 59
34 17
32 19
50 49
22 7
4 48
26 54
20 60
8 44
15 56
60 28
62 15
19 37
46 53
37 13
9 37
42 13
12 33
55 60
29 53
36 5
7 8
55 4
32 31
37 11
58 61
21 11
32 5
61 57
34 33
18 23
15 63
28 38
37 59
40 45
30 53
16 13
14 35
28 29
20 27
17 42
30 16
17 32
5 13
7 60
50 37
5 50
23 52
48 54
51 44
16 30
12 2
6 20
47 41
1 37
63 33
63 56
22 30
12 42
29 28
5 5
16 22
43 5
49 50
53 37
25 55
26 49
42 45
62 48
4 51
3 54
5 63
11 36
41 52
43 26
40 29
44 62
56 11
31 26
48 34
20 5
51 5
40 52
29 12
36 21
35 37
36 7
36 62
43 55
6 36
54 21
17 60
23 54
58 62
40 44
55 15
59 38
53 3
60 26
36 14
19 60
46 13
10 18
15 28
20 52
38 5
26 48
19 39
49 55
27 33
51 27
36 1
48 60
20 13
7 40
51 39
13 6
47 40
38 60
49 11
20 53
34 27
29 11
25 63
38 13
63 24
6 5
17 2
15 33
3 14
50 59
16 54
28 49
23 21
7 31
13 28
19 53
8 51
46 18
15 12
12 49
31 63
12 5
46 14
55 53
8 58
52 29
40 34
39 6
47 17
39 17
23 5
42 15
63 55
58 48
25 21
55 61
26 41
44 31
19 34
11 16
6 9
39 5
4 29
57 49
22 4
53 5
24 17
25 31
2 16
21 52
14 27
46 33
20 49
32 38
10 36
1 48
33 4
35 23
31 61
52 23
50 60
59 31
23 2
17 63
44 58
34 6
19 15
16 3
15 50
6 22
52 58
60 49
10 4
12 60
41 36
13 8
52 1
13 24
25 50
53 30
51 7
54 59
10 58
42 18
13 33
21 12
26 1
13 60
19 40
50 52
60 32
6 14
40 10
5 9
33 58
21 63
42 4
30 55
55 25
20 43
24 57
53 25
43 23
38 3
42 63
20 46
42 53
60 60
63 35
58 56
16 53
20 22
36 63
55 41
14 37
58 60
10 57
27 23
42 48
22 55
63 58
50 51
14 60
11 39
41 10
45 49
2 36
6 10
12 48
23 33
60 39
63 9
59 41
54 47
45 42
1 14
12 14
21 7
2 45
59 40
17 52
53 52
10 33
48 11
12 63
45 29
52 21
42 35
17 40
12 18
63 38
28 41
10 61
43 35
21 37
59 21
59 48
63 21
38 51
21 15
25 8
21 4
26 42
54 3
13 12
4 50
21 21
30 10
8 37
27 35
49 53
41 59
6 6
62 17
5 46
25 57
18 18
12 40
31 13
8 33
8 26
37 21
9 7
57 40
59 25
52 56
22 14
35 47
5 22
1 50
35 45
32 52
63 54
26 12
18 49
50 21
13 37
61 14
26 56
45 6
4 55
47 22
33 63
10 34
46 3
42 60
42 28
25 53
47 33
43 33
25 42
13 7
58 3
58 31
47 9
30 63
42 47
57 61
57 28
62 13
30 21
4 32
56 62
52 17
58 37
16 51
36 27
27 24
45 61
12 3
13 42
2 38
60 14
35 49
13 46
48 20
2 42
10 6
33 40
19 57
47 2
22 56
43 39
9 28
6 11
26 18
21 58
52 12
27 4
48 2
16 47
6 52
8 25
18 48
4 40
49 14
53 44
3 34
4 12
57 20
43 2
35 57
40 8
4 60
40 61
31 14
36 20
31 45
51 2
21 10
34 29
60 62
26 53
19 22
55 52
33 11
23 26
43 40
60 36
47 12
50 31
39 45
53 57
56 43
17 3
32 46
51 31
34 28
27 26
7 36
8 11
21 28
9 34
39 10
60 1
18 17
24 3
61 13
39 13
41 27
46 58
45 13
38 29
6 32
24 36
22 27
17 47
29 20
51 26
16 23
34 26
11 47
14 11
47 1
35 38
34 14
7 13
38 7
62 60
33 52
57 57
4 25
28 57
40 37
29 25
13 44
57 55
33 28
15 35
28 48
3 5
21 17
11 22
19 41
9 40
52 52
56 51
49 22
49 61
13 40
32 60
24 52
47 24
21 47
7 55
21 48
37 61
54 36
18 11
38 17
25 54
40 14
49 35
27 51
45 50
51 19
36 52
53 17
23 41
50 32
12 43
24 15
44 61
16 36
25 62
52 55
3 46
22 15
28 20
7 50
50 45
5 37
47 57
9 17
29 9
5 51
5 52
38 52
51 14
3 25
40 58
32 20
34 24
13 10
7 63
45 39
61 24
3 27
23 23
27 15
49 54
39 25
28 45
41 16
46 25
56 10
45 52
54 34
18 14
26 46
38 57
21 8
43 42
30 13
18 9
43 37
56 57
51 50
56 24
2 26
8 1
53 59
21 55
38 54
37 15
6 1
36 50
63 41
12 24
24 4
62 10
36 9
39 3
45 57
46 20
60 20
29 40
9 2
36 10
37 52
3 44
10 3
16 17
11 37
21 14
56 52
4 24
52 38
11 49
12 28
15 20
21 42
52 34
11 46
45 18
57 3
30 6
12 11
51 41
50 43
47 48
8 60
21 30
4 53
34 15
45 34
60 16
14 39
36 60
59 37
53 32
34 11
2 7
58 52
43 29
44 36
41 6
17 20
29 3
38 46
6 59
40 31
50 11
8 40
54 27
19 28
8 61
8 55
9 19
19 45
1 55
32 14
26 27
14 4
38 11
26 44
26 9
58 13
24 54
61 59
24 50
47 43
25 61
40 17
54 23
5 2
22 17
57 32
30 42
3 2
15 53
40 38
32 26
47 45
16 31
57 29
26 55
54 10
54 14
6 48
23 14
58 49
59 17
55 63
5 19
30 60
29 62
2 2
23 59
56 32
32 62
26 32
9 25
52 3
53 40
14 19
62 2
1 53
29 5
47 62
39 57
61 38
45 28
35 7
26 45
37 51
42 2
45 48
31 39
50 15
10 52
43 63
23 10
2 27
40 40
11 21
23 31
45 4
63 29
23 46
40 1
53 61
41 61
32 30
59 7
6 37
61 30
50 39
57 1
1 59
16 63
59 29
23 24
39 2
36 58
43 36
47 11
44 17
27 49
38 44
60 2
54 58
7 27
34 60
21 18
40 63
44 11
8 39
21 1
55 42
15 36
26 28
30 31
52 9
20 44
50 20
37 53
17 19
22 19
1 12
25 28
46 59
4 56
31 56
26 37
22 54
13 2
49 1
11 24
53 41
38 50
14 2
40 3
54 17
47 28
50 34
49 63
1 3
40 13
42 29
23 1
1 27
33 50
22 13
1 45
34 62
59 18
16 43
5 23
63 44
16 26
10 16
43 52
11 11
20 28
15 8
29 14
7 21
56 14
54 61
25 16
55 9
29 56
9 47
30 49
47 60
16 10
20 63
58 23
14 31
62 62
47 44
6 55
14 56
62 31
62 45
23 19
3 43
51 3
16 60
23 12
25 47
36 8
2 17
56 54
63 20
20 19
38 10
34 1
29 61
48 29
41 47
6 46
6 43
9 42
5 7
51 16
42 38
9 20
33 14
10 20
55 28
2 18
58 50
53 7
14 55
37 7
8 8
63 31
38 62
21 5
47 4
46 46
54 11
34 47
4 54
23 49
37 32
10 46
25 44
48 57
51 55
46 22
2 19
36 54
32 11
4 13
9 57
51 6
20 38
8 18
39 42
35 43
6 61
36 19
63 52
28 47
1 61
61 28
51 45
45 8
56 18
27 21
12 22
39 19
37 20
56 20
4 33
53 43
47 38
28 23
16 12
17 15
8 52
9 9
59 42
28 40
10 11
44 9
6 40
37 31
61 46
25 26
57 50
31 46
51 62
27 61
6 17
5 43
28 3
53 36
27 60
59 57
29 33
62 51
43 17
57 48
27 1
55 24
41 25
10 47
47 16
54 43
8 50
55 13
24 56
28 35
29 1
6 38
53 10
28 56
41 49
7 43
55 26
38 12
9 36
56 15
46 17
13 26
25 3
27 52
51 57
30 59
31 48
21 25
62 25
45 56
22 51
27 32
8 32
58 57
10 25
11 14
46 37
56 16
26 30
62 21
7 33
13 38
1 17
1 54
56 37
34 9
35 21
26 14
55 16
56 2
58 44
61 21
5 39
26 34
10 37
28 10
47 58
44 7
14 58
20 20
1 44
9 3
35 8
22 20
2 57
19 11
50 27
48 30
17 49
62 49
9 27
10 63
61 25
6 15
36 28
4 58
17 62
56 53
33 62
13 39
39 20
9 58
31 28
34 30
52 26
34 52
37 40
33 41
24 44
12 58
55 48
11 35
57 7
50 35
26 51
37 35
21 50
26 33
51 32
49 29
56 46
50 19
59 13
59 53
5 3
7 56
49 23
45 44
3 1
25 48
11 12
34 23
61 41
1 10
9 12
24 63
61 29
39 30
58 54
19 23
29 34
6 31
37 60
50 3
14 21
15 42
33 39
8 7
31 17
54 51
47 35
19 46
16 48
47 59
20 29
11 25
47 32
33 44
12 54
37 26
4 46
9 10
16 5
45 33
8 27
58 19
40 46
1 31
13 4
27 29
33 8
43 11
7 10
18 6
10 44
34 16
15 23
25 56
28 36
61 47
57 17
57 45
63 42
25 51
9 63
35 36
33 19
8 57
2 8
6 12
49 20
56 47
35 32
46 62
31 23
47 37
4 15
32 12
41 42
54 26
20 45
6 41
36 55
5 38
39 40
22 48
44 29
29 17
30 34
18 45
57 30
54 31
1 35
16 35
7 22
17 6
5 54
4 14
3 18
58 38
35 24
10 27
44 41
34 12
14 32
24 41
3 8
21 46
9 39
59 50
13 48
61 27
17 27
45 16
56 22
56 6
18 58
41 19
58 8
47 29
63 49
15 44
60 50
42 14
57 60
37 33
63 37
1 43
43 61
29 47
43 57
29 19
13 11
2 39
9 22
50 48
9 21
19 7
30 4
19 54
28 33
63 50
52 46
62 57
11 48
42 39
59 27
57 11
14 62
59 9
1 9
10 12
36 23
22 57
39 48
2 29
41 32
9 54
27 14
33 18
6 42
53 22
46 44
60 31
20 36
62 52
11 33
23 11
31 11
44 47
17 48
61 26
3 22
45 21
1 8
40 30
23 28
37 63
38 4
19 20
16 20
22 46
56 39
27 38
25 7
42 27
5 53
15 7
56 58
24 39
55 51
2 63
31 58
7 23
45 14
12 39
54 46
40 6
19 52
59 46
51 1
54 6
13 52
38 63
32 39
37 29
50 42
62 37
38 55
62 32
33 20
20 8
12 47
63 53
45 3
6 13
19 61
1 62
5 58
25 37
23 30
33 5
28 44
50 22
29 4
61 5
51 34
27 5
33 42
14 53
53 8
43 1
48 21
47 42
13 30
18 32
15 61
40 2
48 18
53 1
36 44
50 10
56 27
12 56
3 59
30 18
7 12
59 16
46 42
50 41
58 33
15 37
42 42
7 51
63 19
48 17
2 47
27 6
48 14
27 25
2 20
2 1
39 37
40 27
38 22
4 21
31 16
48 46
47 34
47 63
21 39
31 36
25 11
40 42
39 11
54 9
14 26
40 7
8 30
61 36
19 2
34 51
26 17
27 39
21 44
5 32
37 41
5 29
7 34
49 40
29 38
35 2
63 59
6 24
24 19
52 5
52 35
43 32
18 1
20 30
53 18
26 47
23 6
31 62
17 28
10 17
51 43
21 19
3 12
1 34
50 30
53 15
11 42
44 54
53 45
56 60
14 8
44 42
20 23
49 47
42 12
54 35
58 6
60 27
37 12
53 11
60 45
55 17
44 18
2 50
60 13
3 28
2 56
29 48
55 31
3 9
22 31
3 53
22 33
61 50
25 17
62 29
18 13
24 24
1 40
53 51
35 56
10 54
43 58
4 4
33 29
56 5
14 14
57 12
36 24
16 42
8 12
47 52
3 26
32 50
25 35
58 34
52 6
8 56
3 47
62 8
24 18
61 49
57 9
39 47
4 17
4 18
37 2
11 61
12 20
59 54
34 37
1 33
2 22
60 23
4 41
43 8
45 26
60 18
52 13
13 58
57 26
42 36
45 11
30 9
49 45
18 60
19 36
15 4
44 38
1 22
10 28
28 18
26 31
19 51
17 39
31 5
63 34
14 1
32 34
3 24
44 16
14 47
11 63
55 5
41 26
22 28
30 32
2 59
33 24
35 35
12 16
38 20
29 55
23 51
12 37
41 44
12 23
40 51
34 44
34 38
7 5
36 30
7 39
43 48
58 25
56 34
38 61
14 52
3 11
17 9
15 9
44 55
57 36
54 57
60 52
18 46
28 25
54 50
36 35
46 52
48 7
24 12
17 5
55 8
5 21
17 51
56 28
43 53
27 62
7 62
15 14
47 36
2 31
19 1
13 45
11 6
60 11
12 52
15 40
11 1
41 21
22 24
24 26
20 3
12 21
37 23
49 56
35 28
37 50
24 16
23 3
45 23
18 2
55 34
57 6
46 55
28 22
39 8
39 49
40 33
35 39
10 21
11 55
62 42
51 60
22 39
9 15
12 1
29 35
2 43
22 11
41 1
49 28
31 15
10 49
47 6
39 52
59 32
36 12
8 22
13 61
33 54
44 1
48 45
44 46
24 30
58 16
47 55
62 55
43 22
39 18
59 55
33 56
56 45
39 12
60 24
58 42
17 10
29 13
32 51
49 4
55 47
42 7
10 50
36 25
61 19
55 18
60 21
8 13
4 36
32 21
51 33
48 13
13 53
63 3
42 25
1 11
2 10
55 39
53 27
31 41
37 24
3 33
62 16
52 44
32 47
44 13
41 28
36 4
28 54
48 42
55 59
15 15
61 39
55 57
6 53
41 23
27 37
33 34
7 41
30 26
23 47
7 30
58 2
25 38
12 59
38 25
39 44
12 17
35 11
36 31
16 58
21 56
20 18
25 2
50 36
10 43
36 53
57 24
39 27
60 59
12 45
10 5
6 2
26 20
16 50
59 10
51 56
23 9
6 45
9 48
61 61
27 36
35 12
61 54
2 60
30 23
6 30
42 1
36 39
52 62
49 8
56 38
50 16
53 12
44 8
22 36
55 10
41 58
18 56
29 26
37 49
52 61
40 35
53 58
17 37
48 23
49 17
8 17
43 16
33 32
61 48
20 59
30 39
46 7
58 10
57 22
6 4
57 51
51 29
19 14
47 23
30 25
6 56
56 25
22 58
62 44
7 20
58 40
7 47
18 25
45 53
40 26
61 40
45 27
42 44
11 19
49 21
50 25
37 14
50 55
18 26
52 25
18 15
24 6
63 15
7 49
43 56
27 17
59 20
62 30
50 14
60 5
30 56
63 11
15 62
21 36
9 41
44 24
47 20
49 12
13 57
9 38
15 38
43 18
15 5
44 2
55 43
55 56
18 7
40 47
45 62
51 8
1 51
46 19
41 7
44 45
27 19
51 42
40 56
30 19
62 23
29 57
56 13
30 50
12 26
46 28
15 51
52 30
22 45
41 54
6 62
57 41
27 42
63 43
47 27
59 2
48 55
27 46
7 52
17 21
50 18
8 19
38 32
33 57
30 20
29 31
5 17
24 51
48 40
34 59
15 22
27 27
60 29
57 43
39 39
60 30
16 11
41 33
5 6
51 54
25 19
51 21
33 1
31 18
52 59
23 62
26 50
30 14
31 34
39 24
53 14
55 35
56 56
35 1
25 36
60 37
1 52
2 33
14 7
32 59
21 60
42 52
60 6
27 20
4 27
16 55
2 53
16 8
24 7
59 3
11 45
12 30
18 44
15 49
30 41
32 32
62 1
36 18
35 58
48 48
48 56
37 47
55 19
37 25
12 61
48 36
62 58
57 33
45 41
60 38
32 55
16 16
35 9
46 21
12 12
49 37
6 21
57 54
27 58
6 19
38 41
46 47
36 6
3 17
42 55
42 37
32 15
4 6
20 37
56 1
39 4
17 35
18 42
33 2
27 12
46 41
36 48
28 32
32 7
55 29
25 24
10 10
55 30
39 28
60 41
63 14
62 14
44 59
50 53
29 16
32 18
7 58
45 7
19 24
3 55
58 39
63 8
62 18
63 7
15 10
32 40
38 33
15 2
17 34
1 49
38 49
63 36
51 59
44 35
21 22
46 56
20 57
21 40
44 56
54 62
2 14
15 18
58 63
21 23
48 8
63 13
34 5
49 42
59 22
18 39
44 15
12 62
33 36
30 46
37 39
62 19
58 5
18 59
7 57
24 47
63 46
63 16
9 44
50 56
53 29
14 45
25 49
27 30
17 14
24 14
22 47
43 49
9 56
14 15
7 9
4 28
5 11
62 46
62 24
48 24
27 16
29 50
23 38
13 55
7 14
3 15
9 33
20 21
51 15
18 8
42 61
28 9
46 8
16 46
14 29
54 5
19 55
22 50
10 41
7 4
51 17
43 38
4 9
44 43
56 44
8 15
45 20
56 50
3 45
2 37
32 27
30 12
17 31
41 31
54 32
13 23
60 10
36 34
51 40
28 39
12 34
34 61
36 29
11 29
33 9
48 37
15 43
31 9
53 53
17 17
40 39
59 6
47 56
34 48
37 30
13 59
58 26
10 9
17 57
52 4
56 9
15 57
12 29
35 40
62 3
13 34
51 49
24 2
28 21
17 25
36 56
52 22
47 15
20 48
1 63
13 22
19 62
6 18
30 48
41 15
40 9
13 18
51 48
63 47
25 20
44 50
4 34
2 62
9 16
59 8
58 20
9 13
47 53
59 45
49 44
38 27
38 37
9 11
4 35
5 40
48 38
14 36
2 52
51 30
35 3
28 26
19 4
3 51
28 14
12 44
20 17
26 4
48 39
56 31
10 62
7 44
49 16
62 22
17 38
54 55
43 41
55 22
16 6
44 37
38 40
4 10
7 45
34 32
59 44
24 29
2 23
18 62
29 36
5 27
23 42
51 9
19 3
16 29
25 33
3 32
30 17
50 44
5 30
51 18
61 16
17 55
6 27
1 46
58 21
57 52
30 30
49 43
8 42
8 23
29 51
20 56
33 49
1 36
24 62
4 19
27 2
5 62
52 32
23 7
42 50
52 31
16 34
59 47
4 8
60 34
47 30
43 13
33 7
20 15
23 17
25 27
35 52
34 43
15 58
49 41
32 57
2 12
26 16
30 43
7 15
12 15
13 17
10 23
45 31
36 57
12 9
29 43
10 32
18 10
31 59
16 27
42 21
17 1
46 32
23 43
50 40
20 41
21 26
1 26
62 28
44 5
47 50
6 47
32 33
48 63
14 5
55 50
1 60
3 42
45 36
6 54
49 9
53 31
29 18
33 31
29 54
34 18
45 17
43 28
12 36
51 46
1 23
58 35
18 38
25 60
42 56
53 56
33 45
41 22
43 62
21 32
55 40
63 2
59 63
62 47
50 54
6 51
39 22
38 59
60 19
1 30
1 39
9 6
10 29
8 46
10 30
29 44
55 49
8 20
47 19
48 5
37 18
58 7
25 41
10 14
44 6
22 40
4 22
11 3
53 60
4 63
34 49
49 7
3 58
58 11
47 49
2 54
32 17
21 53
36 33
23 63
1 42
9 30
63 28
24 45
38 38
4 31
3 37
35 60
21 34
14 34
14 48
31 19
49 25
2 30
33 6
6 7
54 7
53 47
42 40
33 38
31 47
19 49
59 19
16 61
5 4
23 37
22 29
11 31
15 3
44 20
46 61
27 50
40 15
20 1
11 5
45 38
38 35
59 56
45 5
44 22
59 30
3 49
30 5
17 61
38 24
49 49
19 9
30 3
61 43
31 51
11 9
63 32
17 18
61 45
62 39
27 10
44 26
62 26
35 50
10 1
11 57
57 19
45 45
54 53
50 7
4 3
4 43
62 38
59 11
31 32
53 24
17 53
6 60
47 26
22 60
47 31
19 25
13 63
16 33
46 16
56 48
50 6
51 11
42 9
56 33
20 31
25 29
54 48
53 50
8 9
2 3
43 6
60 15
16 24
45 40
49 6
28 63
11 27
8 4
62 43
48 10
37 57
43 10
13 9
36 13
39 50
31 25
51 22
24 40
53 26
26 61
54 4
58 27
32 61
45 54
8 10
28 17
24 13
3 23
36 3
25 40
17 44
11 62
41 60
59 4
4 59
22 42
38 26
4 47
24 61
17 33
25 14
9 50
23 16
51 47
19 16
20 9
52 16
48 53
18 33
36 16
57 23
31 38
48 28
60 12
3 39
3 52
54 8
7 11
32 25
14 30
55 20
3 63
11 58
14 17
10 40
37 4
30 52
28 60
59 49
37 3
34 19
54 1
50 38
42 17
58 18
1 25
47 7
50 33
28 31
17 24
30 47
32 4
27 13
13 35
32 48
5 28
41 45
25 5
16 56
3 21
3 38
30 40
26 35
50 47
25 22
30 45
11 43
58 51
43 15
6 23
35 5
48 62
2 25
22 16
57 18
24 20
6 3
24 28
24 21
2 24
26 5
25 43
62 36
46 11
12 8
23 45
38 45
21 2
31 37
26 13
32 44
61 18
11 30
39 54
59 58
5 41
44 60
9 52
56 59
23 20
19 47
36 41
14 24
50 9
39 46
53 48
37 55
6 34
16 15
63 48
31 40
31 4
31 21
8 16
52 15
28 30
61 23
53 54
45 63
5 24
32 1
53 62
38 19
10 15
5 45
63 4
37 46
14 12
19 42
2 5
52 63
26 39
41 40
18 50
28 42
13 62
8 43
11 53
37 36
24 27
38 9
32 49
34 40
39 62
44 33
56 55
24 58
16 37
29 41
51 63
49 3
15 26
28 6
24 43
12 35
48 33
58 1
46 29
49 59
54 13
39 29
57 58
28 15
20 42
9 5
12 50
63 40
10 2
25 34
18 55
15 48
9 26
15 32
34 21
19 32
12 53
25 13
58 14
37 22
15 6
13 29
19 6
39 36
24 38
25 4
24 49
26 63
18 28
57 59
5 48
3 7
52 51
40 43
13 31
1 6
27 7
25 32
47 61
24 23
53 16
18 61
42 10
27 53
43 59
50 46
5 12
55 33
46 34
22 38
61 44
34 4
32 36
51 28
46 5
60 35
7 25
9 60
13 43
56 30
59 61
13 56
29 8
5 44
16 28
10 13
4 57
38 23
41 48
39 14
40 20
32 63
53 38
38 31
46 57
20 40
3 61
20 16
41 8
17 16
35 4
18 19
22 3
34 31
19 19
28 1
33 22
21 24
58 55
60 25
5 57
26 24
31 60
15 55
63 23
41 30
8 2
28 61
1 38
49 30
13 27
26 11
25 25
19 38
39 32
43 45
63 62
50 26
3 48
53 49
53 2
4 2
3 30
55 54
37 16
46 35
27 47
57 14
5 35
63 1
49 10
40 50
21 29
53 9
35 44
60 55
59 43
